(
(() ())
((1) ())
(() (1))
((a) ())
(() (a))
((1.0) ())
(() (1.0))
((()) ())
(() (()))
((1 2) (a b))
((1 2) (2 1))
((1 2) (a b c))
((1) (a b c))
(() (a b c))
((1 2 3) ())
((1 2 3) (c))
((c d e) (1))
((c d e) (1))
(((8) (8)) ((8) (8) (8)))
(() ())
(((9 8 6.0) (0 2.0 5) (8 0 3.0) (5 1 0 4) (0 2.0 5)) ((0 5 4 1) (2.0 5 0) (1 5 0 4) (2.0 0 5) (0 8 3.0) (8 6.0 9) (2.0 5 0)))
(((6.0 9 0 5 4 2.0) h (9 0 2.0 6.0 5 4) 1 (4 2.0 3.0 8 1) (8 h 5 6.0 3.0 0 1) 9 4 h h h (2.0 3.0 4 1 8) (6.0 5 3.0 1 9) h 1 9 (9 1 3.0 6.0 5) (1 5 6.0 3.0 9)) (9 (4 2.0 8 1 3.0) h h 9 9 4 (3.0 5 1 6.0 9) h (5 2.0 0 4 6.0 9) 9 h h (9 1 5 6.0 3.0) h 4 (4 5 9 2.0 6.0 0) (5 h 0 6.0 3.0 1 8) 1 1 (1 6.0 3.0 9 5) (6.0 1 0 8 5 3.0 h) (3.0 1 5 6.0 9) (6.0 9 2.0 5 4 0) 9 h (1 3.0 8 4 2.0) 1 4 h h h (5 2.0 9 4 6.0 0) h 9 (2.0 4 0 6.0 5 9)))
(((0 6.0 4 1) (3.0 1 0 h 4 2.0) (5 8 h 2.0) 8 5 (h 9 4 8 5) (2.0 3.0 4 0 h 1) (4 1 0 6.0) (8 2.0 5 h) 8 8 8 (0 4 6.0 1) (1 3.0 h 2.0 0 4) (1 2.0 4 3.0 0 h) 8) ((4 1 0 3.0 h 2.0) (h 1 0 2.0 4 3.0) (2.0 h 3.0 0 4 1) (5 4 h 8 9) (1 6.0 0 4) 5 8 8 (4 1 0 6.0) (8 5 h 2.0) (0 2.0 3.0 1 4 h) 8 (3.0 2.0 4 h 0 1) 8 (2.0 5 h 8) (1 3.0 2.0 4 0 h) (1 4 0 6.0) (1 6.0 4 0) 5 (2.0 8 h 5) 8 (8 h 5 2.0) (h 1 3.0 0 2.0 4) (4 1 0 h 3.0 2.0) 8 (3.0 2.0 4 h 0 1)))
)