(
((e 5 6 8.0 2 3.0 e) (e 5 e 8.0 6 3.0 6 8.0 6 5 5 2 5 5))
((5 5 0 3.0 7 3.0 3.0 5 8.0 8.0 3.0 9.0 5 7 7 5) (3.0 7 5 5 8.0 3.0 8.0 7 9.0 7 7 8.0 3.0 7 9.0 5 9.0 3.0 8.0 5 5 5 5 5 0 5 5))
((6 8.0 7 1.0 6 1.0 3.0 7 7 7 7 7 7 7 7 e) (7 e 7 7 7 e 6 7 6 7 3.0 1.0 6 3.0 7 6 7 1.0 7 7 7 7 7 e 3.0 6 3.0 7 7 7 7 8.0 3.0 7))
((0) (0))
((5 8.0 7 0) (7 5 0 8.0 7 0 7 7 7 8.0 5 0 0))
((2 e 6 6 6 6 9.0) (9.0 2 6 2 e 6 9.0 6 6 6))
((8.0 8.0 1.0 7 8.0 0 8.0 0 0 8.0 8.0 8.0 7 7 8.0) (0 8.0 7 8.0 0 8.0 8.0 8.0 1.0 0 8.0 7 8.0 8.0 8.0 0 8.0 0 8.0 0 7 7 8.0 1.0 7 7 8.0 8.0 0 0 8.0 8.0))
((3.0 2 3.0 e 0 9.0 2 e 9.0 0 0 0) (0 9.0 0 0 0 2 3.0 0 e 3.0 3.0 3.0 0 e e 0 3.0 e 0 3.0 0 0 9.0 2 9.0 2 9.0 0 9.0 0 0 0 9.0 e 0))
((6 3.0 3.0 3.0 3.0 3.0 3.0) (3.0 6 3.0 3.0 3.0 3.0 3.0 3.0 3.0 3.0 3.0 3.0 3.0))
(() ())
(() ())
((1.0 9.0 0 5 6 1.0 1.0 9.0 1.0 9.0 0 2 6) (2 5 1.0 6 1.0 5 1.0 9.0 1.0 9.0 2 9.0 9.0 1.0 1.0 1.0 9.0 9.0 1.0 9.0 6 0 9.0 1.0 0))
((1.0 5 5 1.0 e 1.0 5 9.0 8.0 7 1.0 7 e 2 8.0) (e 5 1.0 9.0 2 1.0 2 8.0 9.0 e 9.0 1.0 8.0 5 e 9.0 9.0 1.0 1.0 5 1.0 5 1.0 1.0 1.0 7 7))
((e 1.0 e 0) (e 1.0 0 e 0 0 e e 1.0 e e 0 1.0 1.0 e e))
((8.0 9.0 7 7 7 1.0 1.0 8.0 1.0 1.0 0 8.0 e 0 3.0 e 1.0) (0 7 1.0 1.0 0 e 1.0 7 8.0 1.0 8.0 0 e 1.0 1.0 9.0 7 e 8.0 7 8.0 8.0 1.0 7 0 1.0 1.0 3.0 1.0))
((3.0 7 0 9.0 9.0 9.0 9.0) (3.0 9.0 3.0 0 9.0 9.0 9.0 7 9.0 9.0 9.0 9.0 9.0 9.0))
((5 7 5 5 2 2 1.0) (5 5 5 2 2 5 7 7 5 5 5 2 5 1.0))
((3.0 6 5 5 2 6 2 8.0 2 6 0 5 6) (6 5 3.0 5 5 5 6 5 0 5 5 6 2 5 2 2 6 5 2 5 8.0))
((6 2 0 3.0 e 8.0 8.0 2 9.0 3.0 2 e 0 2 e 8.0 2 e 8.0) (2 2 2 3.0 3.0 e 0 2 3.0 2 e 3.0 2 8.0 e 9.0 e 8.0 2 e 3.0 9.0 e e e e 8.0 3.0 2 3.0 e 0 8.0 8.0 8.0 6 8.0 2 6 e 2 2 8.0 8.0))
((3.0 8.0 8.0 7 7 3.0 3.0 0 1.0 0) (3.0 3.0 0 0 0 3.0 8.0 3.0 3.0 8.0 3.0 0 7 1.0 3.0 3.0 7))
((5 6 5 5 6) (5 5 5 6 6 5))
((0 3.0 7 3.0 3.0 7 0 2 e 2 7 0) (e 2 0 7 2 7 3.0 0 7 2 2 0 0 0 0 3.0 7 2 2 3.0 0 7 2))
((6 6 7 e e 1.0 7 7 e) (e 6 1.0 6 e 6 7 7 6 7 6 6 7 7 6 6 6 e 6 6 7 e 7 6))
((7 3.0 9.0 2 7 9.0 7 6 8.0) (6 9.0 3.0 9.0 7 8.0 6 7 7 6 7 7 6 9.0 3.0 7 9.0 2))
((5 7 8.0 5 5 1.0 6 2 8.0 6) (5 8.0 8.0 8.0 8.0 5 5 8.0 5 6 5 8.0 7 1.0 5 6 8.0 5 2 8.0 8.0))
((2) (2 2))
((3.0 8.0 5 6 6 9.0 3.0 3.0 2 5 0 3.0) (3.0 0 9.0 3.0 2 3.0 6 0 3.0 3.0 5 5 6 5 3.0 5 8.0 3.0 0))
((1.0 6 1.0 e) (6 6 1.0 e 6 1.0))
((8.0 7 6 5 7 8.0 3.0 7) (8.0 7 3.0 5 5 7 6 7 5 8.0 7 3.0 7 5 7 3.0))
((8.0 0 8.0 0 3.0) (8.0 0 3.0 8.0 0 3.0 0 3.0 8.0 3.0))
((7 8.0 8.0 e 6 e 0 e 7 0 e e 3.0 1.0 0) (3.0 e e e 0 7 e 0 1.0 7 8.0 0 8.0 e 3.0 e 0 e 6 7 e 0 e 0 0 0))
((7) (7))
((2 1.0 3.0 0 1.0) (1.0 3.0 1.0 2 0 1.0))
((5 5 9.0 1.0 6 6 6 5 9.0 2 5) (6 6 5 6 5 5 5 2 6 5 9.0 9.0 5 6 5 1.0 1.0 9.0 9.0))
((3.0 5 3.0 8.0 3.0 3.0 1.0 1.0 3.0 1.0 5 0 e 8.0 7 7 0 0 8.0) (3.0 7 1.0 e 3.0 3.0 0 0 7 3.0 3.0 3.0 0 1.0 7 3.0 1.0 7 7 1.0 8.0 7 3.0 0 3.0 1.0 3.0 1.0 8.0 8.0 1.0 5 3.0 5 1.0 1.0 3.0 7 3.0 5 1.0 7 0 7 3.0 3.0 7 8.0 7 3.0))
((2 0 e 1.0 1.0 e 3.0 0 2 0) (3.0 e 2 2 1.0 1.0 e 2 2 0 e e 0 0 0 0 3.0))
((1.0 6 3.0) (3.0 6 6 1.0))
((0 1.0 8.0 3.0 8.0 1.0 0 e) (1.0 0 0 8.0 1.0 8.0 e 0 1.0 1.0 e 8.0 e 1.0 0 3.0 e e e e))
((1.0 e 0 5 e 5 5 e e 7 9.0 9.0 6) (e 0 e 5 e 7 1.0 6 5 5 1.0 e 5 e e 1.0 9.0 e 6 7 5 5 9.0))
((3.0 3.0 6 6 5) (5 6 3.0 3.0 6 5 6))
(() ())
(() ())
((e e 8.0 e e e e) (e e e e e e e 8.0 e e e e e e e))
((1.0 e 7 e 0 0 7 7) (e 7 e 0 e 0 e 7 7 e 1.0 7 e 7 7 e))
((e e 2 2 7 e 7 2 7 e 3.0 3.0) (e 2 7 3.0 3.0 2 e e e 7 e 3.0 7 e 7 2 3.0 3.0))
((2 7 7 2) (2 7 7 7 7 2 2))
((9.0) (9.0 9.0 9.0))
((7 7 7 7 7) (7 7 7 7 7 7 7 7 7))
((8.0 1.0 1.0 9.0 1.0 7 2 1.0 1.0 8.0) (1.0 1.0 1.0 2 1.0 1.0 1.0 1.0 1.0 8.0 1.0 7 1.0 1.0 8.0 8.0 8.0 9.0))
(() ())
((0 e 0 0 2 e 0 0 2 8.0 3.0) (2 0 3.0 0 0 0 e 2 0 3.0 e e 2 0 8.0 e e 0))
((e 2 3.0 e 6 2 2 e e) (6 3.0 2 6 2 3.0 6 6 2 e 6 e e e e e e 2))
((5 1.0 9.0 8.0 e) (5 8.0 8.0 9.0 8.0 1.0 8.0 9.0 5 9.0 e))
((2 0 9.0 9.0) (2 9.0 9.0 0 2 0 0 0))
((0 0 3.0 2 3.0 1.0 3.0 0 5 9.0 2 0 1.0 3.0 9.0) (9.0 9.0 5 3.0 3.0 3.0 2 0 0 1.0 1.0 9.0 1.0 3.0 0 9.0 3.0 3.0 3.0 0 3.0 1.0 9.0 3.0 2 3.0 1.0))
((2 9.0 9.0 1.0 9.0 6 3.0 3.0 e 9.0 3.0) (2 9.0 3.0 9.0 3.0 2 2 2 2 9.0 2 e 9.0 9.0 9.0 6 3.0 9.0 2 6 2 3.0 1.0))
((6 e 6 9.0 5 3.0 7 5 3.0 e e) (6 e e 6 6 e 9.0 e e e 6 5 6 5 e 6 7 3.0 5 6 e 7 e e 5 e 6 9.0 5 3.0 5))
((7 5 5) (5 5 7 5 5 5))
((8.0 1.0 6 3.0 8.0 8.0 1.0 8.0 1.0 3.0 1.0) (8.0 1.0 1.0 1.0 1.0 8.0 6 8.0 1.0 1.0 8.0 8.0 1.0 1.0 8.0 3.0 1.0 1.0 6 1.0 8.0 8.0 3.0 1.0 1.0))
((6) (6 6))
((6 8.0 5 5) (8.0 5 6 5 6 6 5))
(() ())
((9.0 9.0 9.0) (9.0 9.0 9.0))
((5) (5 5 5))
((7 9.0 7 2) (2 7 2 7 7 9.0 2 9.0 9.0 9.0 7))
((0 6 6 6 6 6 0 6) (0 6 6 0 6 6 0 6 6 6 6 6))
(() ())
((7 6 5 6 6 8.0 6 3.0 0 6 6 6 6 6 1.0) (6 6 7 0 6 0 0 6 1.0 5 3.0 6 3.0 6 8.0 6 6 6 1.0 6 1.0 5 6 6 6 6 6 1.0 6 6 5 6))
((6 0 5 2 1.0 8.0 6) (1.0 6 5 6 0 0 0 2 8.0 0 6 6 8.0))
(() ())
((e) (e))
((0 9.0 1.0 2 9.0 2) (0 2 1.0 0 9.0 2 2 2 0 9.0 9.0 2))
((e e 7 e 7 e) (e 7 7 e 7 e e e 7 e 7 7 e))
((5 8.0 3.0 1.0 7 9.0 5 5 3.0 5 5) (7 9.0 7 8.0 9.0 7 5 5 3.0 9.0 5 9.0 5 9.0 1.0 1.0 3.0 5 5 1.0 5 5 5 5 9.0 5 5))
((7 9.0) (9.0 7 9.0))
((8.0) (8.0))
(() ())
((6 3.0 e 5 1.0 3.0 e 8.0 8.0 8.0 0 3.0 0) (8.0 5 e 8.0 3.0 0 1.0 0 e 1.0 3.0 5 1.0 0 3.0 3.0 3.0 6 5 3.0 e 1.0 8.0 e e))
((0 1.0 1.0 5 0 3.0) (0 1.0 1.0 3.0 0 1.0 1.0 1.0 0 5))
((2 2 2) (2 2 2 2 2 2 2))
((8.0) (8.0 8.0))
((1.0 5 6 6 7 6 8.0 1.0) (6 7 7 6 1.0 6 8.0 6 1.0 5 5 5))
((2 3.0 3.0 7 8.0 2 6) (2 7 2 2 3.0 3.0 2 8.0 7 7 7 6 7 2 3.0 8.0 6))
(() ())
(() ())
((9.0 6) (6 9.0))
((7 7 e e) (e 7 7 7 e 7 e))
((7 7 8.0 9.0 7 8.0) (7 7 9.0 7 8.0 9.0 7 9.0 7 7 7 8.0 7 8.0 7))
((5 5) (5 5))
((3.0) (3.0 3.0 3.0 3.0 3.0 3.0 3.0 3.0))
((7 6 6 6 7 7 6 3.0) (6 7 6 3.0 6 7 7 7 7 6 3.0 7 3.0 6 6 6))
((7 1.0 8.0 0 7 0 1.0 1.0 0 7) (7 0 0 0 7 0 8.0 1.0 7 1.0 1.0 1.0 1.0 0))
((5 e e 8.0 7 5 0 3.0 e 7 5) (5 3.0 5 7 7 e 0 0 5 3.0 e 8.0 5 3.0 7 5 e 3.0 5 5 7 e 5 e 7 7))
((e 0 9.0 2 9.0 2 3.0 e 2 6 7) (9.0 2 6 7 0 2 9.0 e e 0 2 0 6 3.0 2 9.0 9.0 0 0))
((9.0 3.0 7 9.0) (9.0 9.0 9.0 9.0 7 9.0 3.0))
((1.0 8.0 9.0) (9.0 1.0 9.0 8.0 8.0))
(() ())
((3.0 2 7 6 7 e 1.0 1.0) (e 6 1.0 6 1.0 1.0 7 3.0 7 2 1.0))
((1.0 3.0 3.0 6) (3.0 1.0 6 6 1.0 6 3.0 3.0 6))
((e 9.0 3.0 8.0 9.0 0) (0 0 e 8.0 3.0 9.0 0 9.0 0))
((0 3.0 0 8.0 8.0 3.0 0 0 0 8.0 8.0 7 8.0 3.0 e 8.0 3.0 8.0 8.0 3.0) (0 8.0 3.0 0 0 0 8.0 8.0 8.0 0 8.0 3.0 3.0 8.0 3.0 3.0 3.0 7 3.0 e 0 0 0 0 e 8.0 8.0 0 7 3.0 8.0 7 3.0 3.0 8.0 8.0 8.0 8.0 8.0 8.0 3.0 3.0))
((e 2 3.0 7 8.0 3.0 7) (e e 7 2 3.0 e 2 3.0 3.0 3.0 3.0 7 3.0 3.0 3.0 8.0 3.0 e 3.0 3.0))
((6 6 5 7 7 3.0 e 9.0 6) (6 9.0 6 e 6 7 9.0 9.0 e 6 6 5 5 9.0 6 5 5 7 7 3.0 5 9.0 e))
((7 1.0 6 7 e e e 7 2 7 7) (7 7 7 e 2 1.0 e 7 e 6 6 7 7 7 7 7 6 6 2))
((8.0 0 7 7 1.0 7 5 7 2 5 6 5 0 7 0 6 9.0) (7 7 9.0 6 2 6 7 1.0 0 0 0 5 7 0 8.0 7 7 7 9.0 0 7 5 5 7))
((e 8.0 e 9.0 9.0 9.0 8.0 6 8.0 9.0 9.0) (8.0 8.0 8.0 9.0 8.0 8.0 e 9.0 9.0 9.0 e 9.0 9.0 6 9.0 8.0 9.0))
((1.0 0 7 0 8.0 3.0 1.0 8.0) (1.0 8.0 0 7 1.0 0 8.0 1.0 7 3.0 8.0 7 8.0))
((8.0 3.0 0 7 0 5 2 6 3.0 8.0 9.0 2 0 0 e 2) (0 8.0 5 7 8.0 9.0 3.0 2 3.0 0 3.0 3.0 0 6 2 8.0 e 9.0 2 0 2 0 0 3.0 5 3.0 0 0 0 3.0 3.0 0 2))
((9.0 9.0 9.0) (9.0 9.0 9.0 9.0 9.0 9.0 9.0 9.0))
((8.0) (8.0 8.0 8.0 8.0))
((e 5 7 5 5) (7 5 5 e 5 7 7 5 e e 7 5 5 5 5 5))
((6 7 6 6 1.0 5 7 7 6 0 2 6) (7 7 6 6 7 6 0 0 7 0 6 7 7 6 2 5 6 1.0 6))
((e 3.0 9.0) (e 9.0 3.0 e))
((8.0 2 3.0 6 6 6 6 e 3.0 7 3.0 3.0 2 7 e e 3.0) (e 8.0 3.0 3.0 e 7 e 6 6 6 6 7 2 7 6 6 6 e 2 3.0 3.0 3.0 e 8.0 6 3.0 3.0 3.0 6 3.0 3.0 6 e e 2 8.0 3.0))
((e 7 7 7) (7 7 e 7 7 e))
((1.0) (1.0))
((6 1.0 6 1.0 6 6 8.0 0 9.0 7 9.0 2) (1.0 6 6 2 9.0 1.0 2 7 8.0 1.0 8.0 2 6 9.0 6 2 0 0 2 6 7 8.0 1.0 9.0 9.0 6))
((8.0 e e 8.0 0 8.0) (0 e 8.0 0 8.0 8.0 0 8.0 8.0 8.0 8.0 e 8.0 0 8.0 8.0 8.0))
((3.0 3.0 3.0 3.0 0) (3.0 3.0 0 3.0 3.0 3.0 3.0 3.0 3.0 3.0 3.0 3.0 3.0))
((8.0 9.0 8.0 1.0 1.0 2 9.0 1.0 9.0 8.0 8.0 9.0 9.0) (2 8.0 9.0 1.0 1.0 9.0 8.0 9.0 9.0 8.0 1.0 9.0 9.0 8.0 8.0 1.0 8.0 9.0 1.0 9.0 1.0))
((e e e 3.0 5 1.0 e 2 8.0 e 2) (1.0 e 2 e 2 2 e e 3.0 3.0 e 8.0 e 2 e 2 e 5 2 e e e 8.0))
((5 6 9.0 2 2 2) (6 2 2 2 5 9.0 2 2 2 6))
((6 3.0 3.0 3.0 3.0 3.0 3.0) (6 3.0 3.0 6 3.0 3.0 3.0 6 3.0 6 6 3.0 6 3.0 3.0 6 3.0 6 3.0 6 6 6 3.0))
((9.0 9.0 9.0 1.0 2 7 9.0 7 1.0 8.0 8.0) (9.0 1.0 1.0 8.0 1.0 7 2 1.0 7 1.0 9.0 9.0 7 8.0 1.0 1.0 8.0 8.0 9.0 1.0 8.0 1.0 9.0 9.0))
((7 7 7) (7 7 7 7 7))
(() ())
((e 9.0 3.0 7 6 8.0 e) (8.0 3.0 9.0 e 6 7 e 6 e e 9.0 e 8.0 e e 3.0))
((8.0 7 3.0) (3.0 3.0 8.0 8.0 7 3.0 3.0))
((1.0 1.0 1.0 1.0) (1.0 1.0 1.0 1.0 1.0 1.0 1.0 1.0 1.0))
((e 9.0 3.0 0 9.0 6 6 9.0 1.0 5 9.0 9.0 6) (9.0 5 9.0 9.0 6 1.0 1.0 3.0 9.0 1.0 0 9.0 9.0 6 9.0 5 1.0 6 0 5 6 1.0 9.0 e 5 3.0 6 9.0))
((5 e 7) (e 7 5 5 5))
((0 3.0 8.0 3.0 3.0 8.0 e 8.0 0 6 8.0 6) (0 6 e 6 0 6 3.0 6 3.0 3.0 6 3.0 6 8.0 6 8.0 6 3.0 3.0 8.0 0 8.0 8.0 0 0 e))
((6 6 1.0 1.0) (1.0 6 1.0 6 1.0))
((2 8.0 e 9.0 2 8.0 2 8.0 6) (9.0 6 2 2 8.0 8.0 e 6 6 e 6 2 2 8.0 6 2 2))
((8.0 9.0 2 e 0 2 8.0 8.0 2 9.0) (8.0 8.0 2 e 9.0 2 e 2 2 2 8.0 8.0 8.0 0 8.0 0 2 9.0 2 8.0 8.0 2 8.0 e e 9.0))
((5 2 5 2 2 3.0 5 6 5 2 7 7 7 7) (5 7 7 7 7 5 6 7 3.0 2 2 7 5 5 2 2 6 2 5 7 2 5 2 5))
((7 1.0 3.0 2) (7 7 1.0 2 1.0 2 2 3.0))
((6 8.0 1.0 8.0 3.0 3.0 8.0 5 5 6 8.0) (6 8.0 8.0 3.0 8.0 3.0 8.0 8.0 8.0 6 3.0 1.0 3.0 3.0 5 3.0 5 8.0 8.0 8.0 8.0 3.0 1.0 5))
((1.0 6 8.0 6 9.0 6 2 6 8.0 1.0) (1.0 6 6 6 6 8.0 1.0 6 8.0 2 8.0 6 8.0 6 2 9.0 6 6 6 6))
((7 5 e e 8.0 7 e 8.0 9.0 5) (e 8.0 e 8.0 e 5 e 7 8.0 7 8.0 5 8.0 9.0 7 5 5 8.0))
((9.0 0) (0 9.0 9.0 0))
(() ())
((3.0 3.0 5 1.0 9.0 5 3.0 1.0 9.0) (3.0 3.0 5 9.0 3.0 9.0 1.0 9.0 5 1.0 3.0 1.0))
((2 2 e e 2 e 0 2 0 7) (2 0 e 7 2 7 2 2 2 0 2 2 2 0 e 0 2 e 7 e 7))
((6 9.0 9.0 1.0 0 0 9.0 9.0 6 9.0) (9.0 6 0 0 9.0 9.0 6 6 9.0 6 1.0 6 9.0 9.0 6 6 9.0 6 6 9.0))
((9.0 0 3.0 e 9.0 0 0 7 9.0 8.0) (0 0 9.0 8.0 9.0 e 7 9.0 3.0 0 e 0))
(() ())
((8.0 e 0 3.0 2 8.0 7 7 3.0) (7 3.0 2 7 7 3.0 0 2 8.0 7 e 8.0 3.0 7 7))
((1.0 2 9.0 9.0 0 1.0 9.0 8.0) (8.0 9.0 8.0 9.0 9.0 9.0 2 0 2 8.0 2 9.0 1.0 8.0 1.0 9.0))
(() ())
((2 3.0 1.0 3.0 3.0) (2 2 3.0 3.0 2 3.0 3.0 1.0 3.0 2))
((7 7 0 7 3.0 7 1.0 9.0 7 7 1.0 1.0) (7 1.0 1.0 7 7 7 7 7 9.0 7 0 7 7 7 9.0 7 7 7 7 7 7 9.0 7 9.0 7 3.0 7 7 1.0 7 7))
((7 7) (7 7 7 7 7 7 7))
((9.0 7 1.0 e e 0 e 0 e) (9.0 9.0 e e e 7 e e 0 0 e e e e 1.0))
((5) (5 5))
((1.0 3.0 0 8.0 7 1.0 1.0 1.0 8.0) (1.0 8.0 1.0 8.0 1.0 0 3.0 0 8.0 1.0 1.0 0 7 7 8.0 1.0 8.0 8.0 1.0))
((8.0 1.0 0 8.0 0) (1.0 8.0 8.0 0 8.0 0 8.0 0 8.0 8.0))
((6 0 0 0 0) (0 0 6 6 0 0))
((8.0 2 8.0 8.0 2 6 5 6 8.0 3.0 6 8.0) (8.0 2 6 6 8.0 8.0 8.0 6 6 2 8.0 3.0 5 8.0 8.0 8.0))
(() ())
((8.0 6 0 9.0) (6 8.0 0 9.0 8.0 6 8.0))
((7 7 1.0 8.0 7 5 2 6) (8.0 5 7 7 7 7 5 7 2 6 7 5 5 7 6 7 1.0 7 8.0))
((2 6 0 6 7 6 2) (0 2 2 6 0 6 2 7 6 2 2 6))
(() ())
((3.0) (3.0 3.0 3.0))
((e 0 7 7) (7 7 7 7 e 0 7))
((6 3.0 3.0 3.0 3.0 3.0 3.0 9.0 0 0 e) (0 9.0 0 3.0 e 9.0 3.0 3.0 3.0 3.0 e e 0 3.0 e 3.0 e 3.0 6 3.0 e 3.0 3.0 3.0))
((1.0 6 7 6 1.0 5 8.0 8.0 7 6 6 9.0 6) (6 1.0 8.0 9.0 5 6 6 6 8.0 7 6 1.0 6 6 8.0 6 8.0 6 9.0 8.0 7 6 6 6 6 6 6 1.0 6 6 1.0 9.0 6 9.0 6 6))
((6 3.0 3.0 2 3.0 e 7 3.0 6 6 6 1.0 6 8.0 3.0 0 8.0 8.0 6 8.0 6 6 0 6 6) (8.0 8.0 6 1.0 3.0 8.0 e 6 7 8.0 6 3.0 6 6 3.0 6 3.0 1.0 e e 6 8.0 6 3.0 6 6 1.0 6 6 1.0 3.0 6 8.0 8.0 3.0 e 6 e 0 6 6 8.0 6 3.0 6 0 2 1.0 6 0))
((3.0 8.0 8.0 8.0 0 3.0 8.0 5 e 3.0) (8.0 8.0 8.0 3.0 8.0 3.0 8.0 8.0 5 8.0 8.0 8.0 0 3.0 0 3.0 8.0 e))
((0 2 0 0 0 3.0 0 2 0 0 0) (0 3.0 0 2 2 2 2 0 0 0 0 0 0 0 0 0 0 0 2 0))
((3.0 3.0 0 0 0 3.0 0 0 0) (3.0 0 0 3.0 0 0 0 0 0 0 0 0 3.0 0 0 0 3.0 3.0 3.0))
((5 1.0 8.0 7 e 1.0 3.0 e 3.0) (3.0 5 3.0 3.0 5 5 1.0 5 e 7 3.0 5 8.0 3.0 3.0 1.0 e))
((6 e 0 2 7 1.0 6 6 6) (6 2 e 1.0 1.0 6 6 7 6 6 0 6 6 2 6 e 2 2))
((e e 6 e e 8.0 7 e 2) (e e e 8.0 e e 2 e e 8.0 2 e e 7 e 6 e 2 8.0 2))
((3.0 7 7 2 2 0 7 1.0 7 2 7) (7 7 3.0 7 1.0 7 7 7 7 2 7 1.0 7 7 2 1.0 7 7 7 7 7 2 0 7))
(() ())
(() ())
((1.0) (1.0 1.0))
((9.0 9.0 5 9.0 6 7 6 8.0 5 7 9.0 5 1.0 5 9.0 1.0 7 9.0 9.0 1.0) (6 8.0 6 9.0 1.0 5 6 9.0 9.0 6 6 9.0 7 9.0 9.0 9.0 1.0 9.0 9.0 5 7 7 9.0 5 6 9.0 7 1.0 5 1.0 6 5 9.0 5))
((3.0 8.0 9.0 8.0 3.0 3.0 8.0 8.0 0) (3.0 3.0 8.0 8.0 8.0 8.0 8.0 3.0 8.0 3.0 3.0 0 3.0 3.0 9.0 8.0 9.0 3.0 3.0 3.0 3.0 3.0))
((5 6 5 1.0 e 6 2 7 7 3.0 5 8.0 e) (8.0 7 6 3.0 5 7 7 8.0 e 7 6 e 2 6 5 5 6 e e e 7 7 5 8.0 e 5 e 5 e 1.0 e 7))
((7 8.0 2 8.0 8.0 6 3.0 9.0 7 8.0 9.0 9.0 9.0 6) (6 8.0 9.0 7 6 8.0 9.0 9.0 8.0 7 8.0 9.0 2 9.0 8.0 3.0 9.0))
((1.0 1.0 9.0 1.0 e 1.0 6 6 9.0 1.0 5 3.0 6 9.0) (1.0 9.0 1.0 1.0 e e 1.0 9.0 9.0 1.0 9.0 9.0 e 5 9.0 6 1.0 1.0 1.0 6 9.0 e 3.0 9.0 6 e 6 6 e 1.0 1.0 9.0 1.0 1.0))
((1.0 1.0 8.0 3.0 8.0 8.0 3.0) (8.0 3.0 8.0 8.0 8.0 8.0 1.0 8.0 3.0 1.0 3.0 3.0 3.0 8.0 3.0 1.0 1.0))
((0 0 0 0 0 6 9.0 6 1.0 6 6 6) (9.0 0 6 1.0 9.0 0 0 6 0 6 9.0 6 6 1.0 6 0 9.0))
((1.0 8.0 6 3.0 5 1.0 1.0) (3.0 1.0 8.0 6 1.0 3.0 8.0 1.0 8.0 1.0 1.0 1.0 5))
((6 9.0 7 9.0 7 7) (9.0 9.0 7 6 7 9.0 7 7))
((1.0 6 8.0 8.0 0 3.0 1.0 7 3.0 0 9.0 0 1.0 0) (9.0 6 0 6 3.0 7 0 8.0 0 9.0 6 3.0 6 1.0 1.0 9.0 0 1.0 9.0 1.0 0 6 3.0 7 8.0 0 0 8.0 0))
((7 9.0 9.0) (9.0 7 9.0 7 9.0 9.0))
((e 2 1.0 1.0 1.0 1.0) (1.0 1.0 2 1.0 1.0 1.0 1.0 2 1.0 e))
((0 9.0 9.0 7 9.0 8.0 0 9.0 9.0 0 7 7) (9.0 7 0 9.0 9.0 9.0 7 7 8.0 7 0 9.0 0 8.0 9.0 0 9.0))
((5 6 e e) (e e e e 5 e e e e 6 e))
((e 5 8.0 e 5 e 3.0) (e 5 e e 5 e 3.0 8.0 e e 8.0 8.0 5 5 8.0 e 5 8.0 e))
((8.0 1.0 2 2 5 5 e) (1.0 e 5 5 2 5 8.0 2 8.0 e 8.0 1.0 5 e e 2 2))
((1.0 7 9.0 6 2 7 1.0 e 7 7 1.0) (7 2 9.0 7 1.0 1.0 e 7 6 7 7 7 7 7 7 7 7 1.0 7))
((6 e e 9.0 6 5 e e 8.0 e) (6 e 6 5 9.0 e e 8.0 e 5 e))
((0 1.0 0 5 5 0 0 3.0 1.0 e 0 0) (e 1.0 0 0 0 5 5 0 0 0 0 0 0 0 5 0 5 5 5 3.0 5 1.0 0 0 0))
((0 6 6) (0 6 6))
((5 9.0 5 5) (5 9.0 5 5 5 5 5))
(() ())
((9.0 7 9.0) (9.0 9.0 7 9.0))
(() ())
((7 5 8.0 1.0 7 7 e 3.0 7 3.0 7) (7 7 7 7 e 7 7 e 3.0 8.0 7 7 5 7 7 1.0 1.0 7 7 7 7 7 7 7 7 7 7 3.0))
((8.0 3.0 7 6 8.0 5 6 e 8.0 6 2 7 9.0 2 6) (8.0 6 8.0 2 2 6 6 6 2 6 8.0 8.0 5 6 8.0 6 e 7 8.0 8.0 9.0 6 6 8.0 2 2 5 6 e 6 2 2 3.0 6 7))
((9.0 0 0 1.0 8.0 0 0 0 0 e 0) (8.0 0 e 0 0 8.0 1.0 0 0 0 9.0 0 0 0))
((8.0 9.0) (9.0 9.0 8.0 8.0))
(() ())
((1.0 8.0 e 6 6) (6 8.0 6 e 1.0 6 6 6 6 6 6 6))
((2 1.0 7 7 1.0 2) (7 1.0 1.0 2 7 2 1.0 7))
((6 6 6 5 6) (6 6 6 6 6 6 6 6 6 5 6 6))
((1.0 9.0 3.0 7 1.0 7 7) (9.0 7 7 7 7 1.0 1.0 3.0 1.0 7))
(() ())
((7 9.0 7 9.0 2 2 7 e 9.0) (7 9.0 7 9.0 7 7 9.0 9.0 7 2 9.0 2 9.0 7 e 9.0 9.0 2 9.0 2))
((5 8.0 5 5 6 6 3.0 6 6 8.0 5 1.0 8.0 6 5 7 8.0) (5 6 8.0 3.0 8.0 6 8.0 6 6 6 5 8.0 6 6 8.0 8.0 8.0 8.0 6 5 5 5 6 6 7 6 5 1.0 8.0 8.0 6 1.0 6 8.0 7))
((7 8.0 6 6 2 0 e 0 6) (8.0 e 7 6 7 2 0 0 6 6 6))
((1.0 9.0 1.0 3.0 5 5 5 1.0 1.0 3.0) (3.0 1.0 3.0 5 3.0 1.0 5 1.0 9.0 5 5 5 1.0 1.0 1.0 5))
((3.0 7 7 7 0 7 7 2 0 2 5 7 7 7 7 0) (7 7 0 7 7 7 2 7 2 7 7 7 2 5 7 7 7 7 7 7 2 2 7 0 0 0 0 3.0 0))
((0 8.0 2 8.0 8.0 3.0 3.0 3.0) (2 0 3.0 3.0 0 8.0 3.0 8.0 8.0 8.0 2 3.0 3.0))
((6 6 6) (6 6 6 6 6 6))
((3.0 8.0 7 8.0 3.0) (3.0 7 7 7 7 3.0 8.0 8.0 8.0 7 8.0 8.0))
((9.0 9.0) (9.0 9.0 9.0 9.0 9.0 9.0))
((2 3.0 2 0 9.0 e 1.0 1.0 2 8.0 6 1.0 8.0 8.0) (8.0 1.0 1.0 1.0 6 8.0 e 3.0 2 8.0 1.0 1.0 2 2 1.0 2 2 1.0 0 8.0 2 2 2 2 2 9.0 6))
((5 5 5 2 2 5) (2 5 2 2 5 2 2 5 5 5 2))
((0 0 0 0 2 0 7 0 0 5) (7 5 0 0 0 0 7 0 0 0 0 0 0 0 2 0 0))
((3.0 3.0 2 3.0 3.0) (3.0 3.0 3.0 2 2 3.0 2))
((0 8.0 9.0 2 8.0 2 0) (2 0 2 8.0 2 0 8.0 2 2 2 2 9.0 8.0))
((0 1.0 1.0 6 6 6 8.0 9.0 5 e 6 8.0 5 e) (0 e 8.0 9.0 1.0 5 5 1.0 e e 6 8.0 6 6 8.0 8.0 8.0 8.0 6 9.0 e 8.0 1.0 8.0 8.0 8.0 6 8.0 6 8.0 1.0 5 6 e 5 8.0))
(() ())
((7 2 e 3.0 2 9.0) (3.0 3.0 9.0 2 9.0 9.0 9.0 e 7 2 7))
((0 2 0 e 2 0) (0 2 0 0 0 2 0 0 2 0 e))
((9.0 e 9.0 3.0 6 2 0 e 9.0 0) (0 3.0 9.0 3.0 6 0 9.0 e 2 e 3.0 2 9.0 2))
((e 1.0 e 3.0 5 6 e e 1.0 0 7 7 3.0) (7 6 6 1.0 7 3.0 e 0 5 3.0 5 7 3.0 e e e e e e 1.0 7))
((2 e 7 9.0 7 8.0 2 7 e 1.0 2 7) (7 7 e e 7 7 7 e 7 e 7 7 2 7 e 7 e e 9.0 8.0 1.0 e 7 9.0 9.0 9.0 2 2))
((9.0 8.0 8.0) (8.0 8.0 9.0 8.0 8.0 8.0 8.0 8.0 8.0 9.0))
((7 0 1.0 2 0 0 3.0 1.0 7 9.0 7 0 3.0) (0 2 0 0 9.0 1.0 2 3.0 9.0 2 9.0 2 0 3.0 0 7 3.0 9.0 7 0 3.0 3.0 0 9.0 0 1.0 2 2 7 7 2))
((3.0 5 3.0 3.0 9.0 3.0 3.0 3.0 3.0 1.0 6) (3.0 3.0 3.0 9.0 3.0 6 5 3.0 3.0 3.0 3.0 1.0 6 6 3.0 1.0 1.0 3.0 3.0 9.0 3.0))
(() ())
((5 6 8.0 3.0 5 0) (8.0 5 5 3.0 5 8.0 0 6))
((8.0 e 8.0 1.0 8.0) (1.0 8.0 e 8.0 8.0 1.0 1.0 8.0 1.0 e))
((7) (7))
((0) (0))
((1.0) (1.0 1.0))
((7 8.0) (8.0 7 8.0))
(() ())
((6 0 1.0 3.0 1.0 6 e 1.0 6 6 5 1.0) (1.0 6 1.0 3.0 6 e 6 0 1.0 6 1.0 1.0 3.0 1.0 1.0 1.0 6 6 e 6 5))
((1.0 3.0 e 6 5 2 5 e e 5 6 9.0) (e 5 6 1.0 9.0 2 e 5 6 e 5 e e 6 3.0 e 2 e))
(() ())
((9.0 8.0 5 0 9.0 3.0) (9.0 9.0 9.0 8.0 9.0 0 9.0 5 3.0 9.0))
((9.0 5 6 5 8.0 5 8.0 8.0 5 8.0 5 8.0 0 8.0 6 5) (5 5 6 5 0 8.0 8.0 8.0 8.0 8.0 5 8.0 5 9.0 8.0 5 9.0 6 5 0))
((2 8.0 2) (8.0 2 2 8.0 2))
(() ())
((5 6 6 9.0 e 6 6 e e 7 e 9.0 6 e e 6 e 6 5 3.0 6 8.0) (6 8.0 6 e e 8.0 6 6 e 3.0 6 e 8.0 6 5 7 6 6 e e e 6 8.0 6 e 8.0 e 6 e 7 e e 6 8.0 e 6 5 5 e 6 e 9.0 9.0 e 5 3.0 7))
((6 3.0) (6 6 6 6 6 6 3.0 6 6))
(() ())
((5 6 8.0 3.0 8.0 3.0 2 6 6 9.0 6 e e 9.0 9.0 6 8.0 8.0) (6 e 6 e 5 6 8.0 9.0 e 9.0 6 6 6 e 2 9.0 2 3.0 3.0 e 3.0 6 9.0 6 6 9.0 8.0 5 8.0 8.0 8.0 2))
((1.0 5 1.0 1.0 1.0) (1.0 1.0 5 1.0 1.0 1.0 1.0 1.0))
((9.0 5) (9.0 5 9.0 9.0 9.0))
((e 7 0 7 7 7 1.0 9.0 8.0 7 1.0 e) (9.0 e 7 1.0 8.0 e 0 8.0 7 7 7 9.0 7 e 9.0 7 1.0 1.0 7 e 8.0))
((3.0 7 7 3.0) (7 3.0 3.0 7 3.0 3.0 7))
((1.0 0) (0 0 0 0 0 0 0 0 1.0 0 0 0 0 0))
((e 3.0 5 8.0 e 1.0 5 5) (5 e 5 3.0 5 1.0 8.0 5 e 5 5 e 3.0 8.0 5 e 5 5))
((1.0 1.0 8.0 9.0 9.0) (8.0 8.0 1.0 8.0 9.0 1.0 9.0 8.0))
((e e 3.0 e 8.0 3.0 3.0 e) (3.0 e e e e e e 3.0 e 3.0 e 8.0 e e))
(() ())
((9.0 9.0 1.0 5 e 9.0 5 9.0 5 e 7 e) (9.0 5 5 9.0 5 7 e 7 e 1.0 9.0 9.0 e e e e 1.0 9.0))
((9.0 7 2 e 2 8.0 e e 8.0 6 6 1.0 2 8.0) (6 e e e 7 2 8.0 9.0 6 8.0 8.0 e 8.0 9.0 2 6 7 2 e 8.0 2 6 8.0 7 2 8.0 2 2 2 1.0 2 6))
((7 7 7) (7 7 7 7 7 7 7))
(() ())
((9.0 5 9.0 2 9.0 1.0 1.0 8.0 2 8.0 2 1.0) (9.0 2 2 8.0 2 2 9.0 9.0 9.0 9.0 1.0 2 5 5 1.0 5 1.0 9.0 9.0 2 1.0 9.0 1.0 1.0 2 2 8.0 9.0))
((5) (5))
((8.0 8.0 2) (8.0 8.0 2 8.0 8.0 8.0 8.0 8.0 8.0 8.0 8.0 8.0 8.0 8.0))
((5 5) (5 5 5 5))
((1.0 3.0) (3.0 1.0 1.0))
((1.0 6) (1.0 6 1.0 6 6 1.0 1.0))
((5) (5 5))
((1.0 6 5 7 2 6 5 5 2 7) (5 5 6 6 7 7 2 5 6 6 5 7 5 5 2 5 1.0))
((2 2 0 0) (2 2 0 2 0 0 2))
((5 3.0 8.0 0 1.0) (5 3.0 1.0 1.0 3.0 8.0 0))
(() ())
((e 7 8.0 0 8.0 0 7) (7 8.0 e e 0 8.0 e 7 7 0 0 0 e 8.0 e 7))
((3.0 9.0 1.0 9.0 5 e 2) (2 e 5 1.0 1.0 9.0 1.0 3.0 9.0 2 9.0))
((3.0 2 6 e 8.0 2) (3.0 8.0 2 8.0 2 2 6 3.0 e 8.0))
((3.0 3.0) (3.0 3.0 3.0))
((1.0 e 2 5 2 e e 2 3.0 3.0) (2 2 3.0 e 3.0 1.0 3.0 2 e 2 e e 5))
(() ())
((8.0 2 9.0 9.0 9.0 e 8.0 5 5 8.0 8.0) (8.0 5 2 8.0 8.0 8.0 9.0 9.0 9.0 2 5 8.0 9.0 8.0 9.0 8.0 5 e 9.0 9.0))
(() ())
((7 9.0 1.0 8.0 3.0 1.0 3.0 9.0 1.0) (3.0 9.0 9.0 1.0 3.0 3.0 9.0 3.0 7 7 1.0 3.0 3.0 8.0 9.0 9.0 9.0 1.0 1.0))
((1.0 2 1.0 9.0 9.0 9.0) (1.0 1.0 1.0 1.0 9.0 9.0 2 9.0))
((e 6 2 5 7) (5 e 6 7 e 5 2 e e))
((8.0 8.0 8.0 6 6 8.0 8.0 8.0 8.0 8.0 8.0 9.0) (8.0 8.0 6 9.0 8.0 8.0 8.0 6 8.0 8.0 8.0 6 8.0 8.0 8.0 8.0 8.0 8.0))
((8.0 8.0 8.0 6) (8.0 6 8.0 8.0 8.0 8.0 8.0 8.0 6 6 8.0 6 6))
((3.0 8.0 3.0 9.0 6 1.0 e 3.0 e 3.0 7 9.0) (8.0 3.0 8.0 e 3.0 3.0 3.0 3.0 3.0 e 7 7 3.0 3.0 6 9.0 1.0 e 3.0 1.0 8.0 9.0 e 8.0 3.0 e 1.0))
((9.0 8.0 8.0 e 9.0 7 e 9.0 9.0 7 9.0) (9.0 e 9.0 7 e e 7 7 9.0 9.0 9.0 9.0 7 e 8.0 9.0 8.0 9.0 7 9.0 9.0 7 7 8.0 8.0 7 7 9.0 9.0 7 9.0 9.0 9.0 9.0))
((2 2) (2 2))
((e 1.0 1.0 1.0 7 1.0 9.0) (9.0 9.0 e 9.0 1.0 1.0 1.0 7 7 1.0))
((1.0 1.0 9.0 8.0 1.0 8.0 2 9.0 1.0 3.0 e 1.0 2 6 2 1.0 6 6) (1.0 1.0 2 1.0 6 2 6 2 1.0 9.0 1.0 9.0 2 2 2 1.0 8.0 2 9.0 1.0 9.0 1.0 3.0 6 1.0 1.0 8.0 1.0 2 6 2 2 2 1.0 1.0 e 1.0))
((7 9.0 5 8.0 9.0 8.0 2 8.0 8.0 8.0 7 8.0 9.0 8.0 3.0 9.0 2) (7 7 8.0 8.0 8.0 9.0 9.0 9.0 9.0 2 8.0 2 3.0 9.0 7 8.0 8.0 9.0 8.0 2 8.0 8.0 7 9.0 2 2 7 9.0 5 9.0 7 8.0 9.0 9.0 8.0 8.0 8.0))
((2 7 5 0 8.0 8.0 e 0 2 0 8.0 8.0 5) (5 5 8.0 e 0 2 0 7 2 2 5 8.0 8.0 2 0 5 2 e 2 5 8.0 2 0 0 8.0 8.0 2 2 5 5 5))
((8.0 6 6 e 0 1.0 6 2 6) (0 6 6 6 0 e 6 6 8.0 6 6 1.0 6 0 0 6 2 6 0 6 1.0 0))
((e 8.0 8.0 e e 1.0 8.0 8.0 2 2 e 8.0 8.0) (8.0 1.0 e e 8.0 8.0 8.0 8.0 2 8.0 e 8.0 e 8.0 e e e 8.0 e 1.0 8.0 2 e 1.0 8.0 8.0 e 8.0 8.0 8.0 2 8.0 e e 8.0 e))
((2 0 7 8.0 7 9.0 2 9.0 6 2) (9.0 7 9.0 8.0 9.0 8.0 2 7 6 6 8.0 0 2 9.0 2 9.0))
((5 9.0 3.0 5 3.0 e 5 3.0 5 3.0 5 6 5 e 5) (5 3.0 6 5 3.0 3.0 5 6 e 9.0 3.0 5 5 5 3.0 5 5 5 e 5 5 5 5 5 5 5 5 5 5 e 3.0 6))
((5 6) (6 6 6 5 6 6 6 6 6 6 6 5 5))
((3.0 9.0 3.0 9.0 1.0) (3.0 3.0 3.0 3.0 3.0 3.0 3.0 9.0 3.0 9.0 3.0 3.0 1.0))
((8.0 8.0 6 8.0 8.0 8.0 8.0 2 8.0) (8.0 8.0 8.0 6 8.0 8.0 8.0 8.0 8.0 2 8.0 8.0 6 8.0))
((6 6 8.0 6 7) (6 6 8.0 6 6 6 7 7))
((9.0) (9.0))
((8.0 0) (0 0 8.0 8.0))
((e 2 7 8.0 6 7 9.0) (9.0 e e 2 2 7 e 8.0 7 6 7 9.0))
((8.0 7 8.0 7 6 6 6 6 6) (8.0 8.0 7 7 8.0 6 8.0 8.0 8.0 7 6 8.0 6 6 6 6 6 7 6 6 8.0 7 6 8.0))
(() ())
((1.0 6 2 0) (0 1.0 6 2 1.0 1.0 2 2 2 2 0 2 0 1.0 6 1.0 1.0 1.0))
((9.0 2 9.0 9.0 8.0 2 1.0 9.0 1.0 0 3.0 9.0) (9.0 9.0 9.0 9.0 2 1.0 8.0 3.0 1.0 1.0 2 3.0 9.0 3.0 1.0 1.0 9.0 9.0 0 0 2 3.0 9.0 9.0 9.0 3.0 1.0 9.0 9.0))
((0 1.0 0 6) (0 6 0 1.0 0 0 0 1.0 0 1.0 1.0 0))
((5 5 9.0 3.0 1.0 2 e 3.0 1.0 5 5 1.0 5 9.0 1.0 1.0 3.0 3.0 7) (5 5 3.0 3.0 e 3.0 5 9.0 5 5 1.0 9.0 3.0 5 2 1.0 1.0 9.0 1.0 3.0 9.0 1.0 2 1.0 5 5 1.0 3.0 5 7 3.0 5 1.0 2 9.0 5))
((5 1.0 8.0 2 9.0 e 6 2 8.0 6 5) (5 9.0 e e 5 2 8.0 8.0 6 8.0 5 1.0 e 2 6))
((5 7 2 1.0 1.0 e 5 0 5 7 5 e) (5 5 2 5 5 2 5 1.0 5 1.0 e 7 0 e 1.0 7 5 5 5 e 5 5 5 5 7 1.0 5 7))
((0 0 1.0 e 6 7 e 9.0 1.0 8.0 e 8.0) (e 8.0 e e 6 6 0 e 6 1.0 0 1.0 e 8.0 9.0 0 1.0 6 9.0 7))
((7 7 5) (5 7 7 7 5 5 7))
((5) (5 5 5))
((7 1.0 1.0 1.0 7 6 7) (1.0 1.0 7 7 7 1.0 1.0 6))
((1.0 6 6 3.0 6 6) (3.0 6 6 6 6 1.0 3.0 3.0 6 6 6))
((9.0 3.0 3.0 2 6) (6 2 2 9.0 2 3.0 2 2 2 2 3.0 2 9.0 9.0 3.0 3.0))
(() ())
((2 2 2) (2 2 2 2 2 2 2 2))
((9.0 3.0 3.0 9.0 3.0) (3.0 9.0 9.0 3.0 9.0 3.0 9.0))
((2 8.0 e 9.0 8.0 8.0 0 5 5) (5 8.0 8.0 9.0 8.0 0 8.0 5 2 5 e))
((9.0 9.0 9.0 0 9.0) (9.0 9.0 9.0 0 9.0 9.0 9.0 9.0))
((0 e e e) (e e e e 0 0 e e e e 0 e e 0 e))
((3.0 8.0 3.0 3.0 3.0 9.0 3.0) (3.0 3.0 3.0 8.0 3.0 8.0 9.0 3.0 3.0 3.0 8.0 3.0 3.0))
((6 7 e) (e 6 6 7 e e))
((e) (e e))
((5 3.0 3.0 5 7 e 3.0 9.0) (3.0 9.0 e 7 5 9.0 5 3.0 3.0 3.0 9.0))
((3.0) (3.0))
((9.0 8.0) (8.0 8.0 9.0 8.0 8.0 9.0 9.0))
((8.0 1.0 0 e 6 7 e 0 0 6 e) (6 6 7 0 7 0 7 0 8.0 7 7 0 6 6 e 6 6 1.0 e 0 0 e 0 6 7 e))
((9.0 7 8.0 7 9.0 7 1.0 7) (1.0 7 7 8.0 7 9.0 9.0 7 1.0 9.0 1.0))
((e 5 e 8.0 8.0 0 6 e 8.0 7) (0 8.0 8.0 7 5 8.0 e e 7 8.0 5 8.0 5 e 5 8.0 8.0 6 8.0 5 e e e 8.0))
((6 0 e 6 8.0 0 6 2) (6 2 0 6 0 6 2 2 0 e 8.0 0))
((8.0 8.0 3.0 8.0 e 3.0 8.0) (3.0 3.0 8.0 8.0 3.0 8.0 8.0 e))
((3.0 3.0 3.0) (3.0 3.0 3.0))
((9.0 5 0 0 5 3.0) (5 9.0 3.0 5 0 5 5 5 0 3.0 0 0 5 0 5 0 0))
((8.0) (8.0 8.0 8.0 8.0 8.0 8.0 8.0 8.0))
((1.0 5 3.0 5 1.0 5 1.0 3.0 8.0 1.0 1.0 5) (3.0 8.0 5 1.0 5 1.0 3.0 5 3.0 5 3.0 5 1.0 5 1.0 1.0 1.0 3.0 1.0 1.0 5 3.0 5 5 5 5 5))
((0 8.0 1.0 0 1.0 0 0 0 0) (8.0 8.0 1.0 1.0 1.0 8.0 1.0 0 0 1.0 1.0 0 8.0 1.0 0 0 0 0 8.0 0 0 0 8.0))
((1.0 0 7 8.0) (1.0 0 7 8.0 8.0))
((5 5 0 3.0 9.0) (5 0 5 5 9.0 5 5 0 9.0 0 5 5 3.0))
((7 3.0 e 7 3.0 3.0) (7 3.0 3.0 3.0 e 7 3.0 3.0 3.0 7))
((0 3.0 5 3.0 7 9.0 3.0 3.0) (5 3.0 5 5 5 9.0 7 3.0 3.0 5 9.0 0 5 9.0 5 9.0 3.0 3.0 7))
((0 0 9.0 0 0) (9.0 0 9.0 9.0 9.0 9.0 0 9.0 0 0 0 9.0 0 9.0 0 0))
(() ())
((7 7 7) (7 7 7 7 7 7 7 7))
((0 6 1.0 9.0 0 7 9.0) (0 6 9.0 0 6 1.0 0 6 7 7 9.0 9.0 0 6 9.0))
((1.0 0 1.0 2 5 9.0 9.0 0 9.0 0 1.0 1.0 2 2) (0 1.0 2 0 0 2 0 1.0 9.0 1.0 1.0 1.0 1.0 9.0 2 2 1.0 9.0 2 9.0 1.0 2 5 0 1.0 9.0))
((9.0) (9.0))
((5 3.0 0 8.0 5 2 8.0 0 5 5 0) (5 5 3.0 8.0 2 0 8.0 0 8.0 5 0 5 5 0 5 0))
((0 1.0 0 0) (0 0 1.0 0 1.0))
((8.0) (8.0 8.0))
((2 7 8.0 8.0) (7 2 2 2 2 7 8.0 2 8.0))
((e 9.0 5 5 8.0 8.0 5 5 3.0 1.0 9.0 1.0 5 2 e) (8.0 8.0 5 5 1.0 5 1.0 5 9.0 3.0 e 5 5 1.0 5 5 2 1.0 5 e 1.0 5 2 5 9.0 1.0))
((0 e 3.0 7 6) (0 3.0 3.0 6 6 7 0 e))
((5 6 9.0 9.0 9.0 8.0 5 9.0 5) (9.0 5 5 8.0 9.0 5 9.0 9.0 5 5 6 9.0 9.0 6 9.0 8.0))
((8.0) (8.0 8.0))
((6 5 0 5 2 5 8.0 5 8.0 0 6 8.0 8.0) (8.0 8.0 8.0 5 0 2 8.0 5 8.0 5 5 8.0 6 8.0 8.0 8.0 6 0 5 8.0 5))
((e 2 2 5 6 e) (6 2 e 6 e 2 e 5 e e e 2 6 e 5))
((9.0 9.0 8.0 e 9.0 8.0 6) (9.0 9.0 8.0 9.0 8.0 9.0 8.0 9.0 9.0 8.0 e 9.0 8.0 6 9.0))
((8.0 6 0 0 2) (2 8.0 6 0 0 0 0 6 0 2 0))
((9.0 2) (2 9.0 9.0))
((3.0 7 3.0 3.0 3.0 3.0 3.0 7 8.0 3.0 2) (8.0 3.0 3.0 3.0 3.0 3.0 3.0 3.0 3.0 8.0 7 7 3.0 3.0 7 3.0 2 3.0 3.0 3.0 3.0))
((7 9.0 9.0 e 9.0) (9.0 7 7 7 7 9.0 e 9.0 9.0 e))
((9.0 e 3.0 8.0 e e 9.0 7) (9.0 9.0 7 7 7 9.0 7 e e 7 7 e 3.0 7 7 8.0 e))
((6 2 0 e 7 6 3.0 0 1.0 1.0 1.0 0 2 e) (e 2 6 0 1.0 e 1.0 e 0 e 3.0 1.0 2 6 7 2 0))
(() ())
((6 e 1.0 1.0 3.0 6 3.0 e 2) (1.0 6 6 e e 2 6 3.0 3.0 1.0))
((e 7 7 7 5 0 7) (7 0 0 7 7 7 5 e))
((6 5) (6 6 5))
((7 1.0 2 0 1.0 1.0 7 0 3.0 2 1.0) (7 1.0 2 0 1.0 7 7 0 1.0 3.0 1.0 3.0 2 7 0 1.0 1.0 1.0))
((6 7 8.0 9.0 7) (9.0 7 9.0 7 9.0 9.0 7 9.0 8.0 9.0 9.0 6 9.0 6))
((e 5 e) (e e e 5))
((6 1.0 6 6 5 6) (6 6 6 6 1.0 1.0 6 1.0 6 6 5 6 5 5 6 6 1.0 6))
((8.0 8.0 8.0 2 e 9.0 2 e 3.0 9.0 e 8.0 9.0 8.0 3.0 3.0) (9.0 e 8.0 9.0 3.0 9.0 2 8.0 8.0 2 8.0 8.0 e 8.0 3.0 9.0 e 2 8.0 8.0 9.0 2 e 2 8.0 2 2 2 8.0 9.0 8.0 8.0 3.0))
((9.0 8.0 3.0 0 8.0 3.0 3.0 3.0 3.0 6 8.0 e 9.0) (8.0 9.0 8.0 8.0 8.0 9.0 3.0 e 3.0 6 3.0 8.0 0 3.0 3.0 9.0 8.0 9.0 3.0))
((7 2 8.0 9.0 2 0 1.0 2) (9.0 0 7 9.0 2 1.0 7 2 8.0 2 7))
((5 6 2 7 5 9.0 0 7 7 e 5) (6 5 5 7 5 7 2 0 e 9.0 7 5 7 5 5 7 2 5 e))
((e 7 e e) (7 e 7 e e e e))
((2 2 2 2 2 8.0) (2 2 2 8.0 8.0 2 2 2 2 2 8.0 2 2 2))
((0 0) (0 0 0 0 0))
((0 5 6 3.0 7 0 e 6 0 0 6 6 6) (0 5 0 3.0 7 e e 7 6 0 6 7 6 0 6 0 0 0 e 6 e 6 0 7 0 6 0))
((2 9.0 8.0 8.0 8.0 8.0 8.0 e 3.0 3.0 2 7 8.0 3.0 3.0) (7 2 7 8.0 8.0 3.0 3.0 9.0 e 8.0 8.0 8.0 8.0 2 3.0 7 3.0 2 8.0 2 3.0 2 2 2 3.0 3.0 8.0 8.0 8.0 3.0 2 3.0 3.0 8.0 8.0 8.0))
((7 2 e 7 0 2 2) (7 e 2 2 7 2 0 2 2))
((6 6 5 7 6 7 7 1.0 6 2 7 6) (7 7 1.0 7 7 6 6 6 1.0 6 7 2 7 6 7 7 5 6 6 6 7 6 6 6 5))
(() ())
((7 5 5 5 e) (5 5 7 5 5 5 5 5 5 5 5 5 5 e 5 7 5))
((9.0 9.0 e 9.0 5 9.0 9.0 9.0) (9.0 9.0 9.0 9.0 e 9.0 9.0 9.0 9.0 5 9.0 9.0))
((e 1.0 6 1.0 1.0 9.0 2 1.0) (1.0 9.0 1.0 1.0 9.0 1.0 9.0 e 9.0 1.0 1.0 9.0 2 6))
((3.0 7 9.0 7 6 e 6 8.0) (9.0 3.0 8.0 e e e 3.0 e 6 3.0 6 6 7 7 8.0))
((e e e 1.0 e 3.0) (3.0 e e e e e 1.0 e e e 3.0))
((7 7) (7 7 7))
((0 1.0 2 7 7 1.0) (2 1.0 1.0 2 1.0 1.0 1.0 1.0 0 7 7))
((7 7 7) (7 7 7 7))
(() ())
((0 7 0 2 7 0 e 3.0 7 9.0) (0 0 0 3.0 3.0 7 3.0 3.0 7 2 3.0 3.0 9.0 3.0 3.0 9.0 0 7 3.0 0 0 3.0 0 0 e 0 0 0 3.0 0))
((9.0 7 1.0 5 7 7 9.0 0 7 e 8.0 7) (7 8.0 8.0 7 7 5 e 0 9.0 8.0 9.0 1.0 5 e e 9.0 9.0 5 5 9.0 7 9.0 7 9.0 7 5 7 7 1.0 7 9.0 e 9.0))
((0 1.0 1.0 0 e 8.0 0 0 2) (0 0 0 1.0 2 2 2 0 0 8.0 1.0 0 0 e 2 8.0 2 0))
((e 7 e 3.0 6 1.0 3.0 1.0 2 1.0) (7 3.0 3.0 6 2 e 1.0 1.0 7 1.0 7 e 6 6))
((2 5 3.0 1.0 1.0 e e 7 1.0 e e 3.0 6) (1.0 6 1.0 3.0 5 1.0 1.0 5 1.0 1.0 1.0 7 e e 2 e 3.0 e e 1.0 7 e 1.0 e e))
((3.0) (3.0 3.0))
((6 7 2 0 0 5 8.0 0 0 6 5 9.0) (9.0 6 8.0 0 0 7 5 6 6 6 6 0 5 5 0 5 2 0 0 5))
((1.0 5 9.0 1.0 8.0 5 6 6 e 8.0 6 3.0 9.0 5 2 8.0 5 9.0 1.0) (8.0 9.0 6 1.0 8.0 1.0 3.0 9.0 5 5 1.0 1.0 5 8.0 8.0 6 8.0 2 6 6 8.0 1.0 9.0 9.0 1.0 8.0 3.0 6 5 e 3.0 9.0 9.0 8.0 5 5 6 e 1.0 1.0 1.0 8.0 9.0 9.0 8.0))
((1.0 2 0 5 1.0 1.0 e 5 5) (5 e 5 0 5 5 0 1.0 5 5 5 5 1.0 1.0 2 5 5))
((8.0 9.0 1.0 e 1.0 7 7) (e 8.0 7 1.0 7 1.0 8.0 9.0 e 1.0 1.0 9.0 e))
((1.0 1.0 9.0 1.0 1.0 1.0 1.0 5 1.0 e e 9.0 1.0 1.0 6 5 5 1.0 9.0 1.0 5 9.0 5 3.0 1.0) (9.0 1.0 1.0 3.0 5 1.0 1.0 6 9.0 1.0 1.0 9.0 9.0 1.0 9.0 1.0 9.0 9.0 1.0 1.0 1.0 1.0 1.0 e 1.0 1.0 9.0 1.0 9.0 1.0 e 1.0 1.0 5 5 5 9.0 5 1.0 e 5 1.0 9.0 1.0 1.0 1.0 5 3.0 1.0))
((8.0 8.0 6 0 6 8.0 7 7 6 9.0 6 0 0 0 e) (6 8.0 6 e e 0 6 7 e 8.0 9.0 e 8.0 0 0 6 6 6 0 7 6 6 6 6 8.0 8.0 0 7 0 6 6 8.0 6 0 8.0 6 0 8.0 0 8.0 0 7 6 e 0 0))
(() ())
((9.0 2 3.0 6 7 0 1.0 2 7 3.0 7) (7 2 9.0 7 7 0 9.0 9.0 3.0 3.0 7 9.0 9.0 0 2 0 1.0 0 2 6 7 2 1.0 7))
((6 5 5 6) (6 6 6 5 5 5))
((5 7 6 5 1.0 e 5 0 6) (0 e 7 5 5 7 7 6 7 1.0 e 5 5 1.0 0 6 5 1.0))
((6 0 0 3.0 2 1.0 2 2 0 0 6 e 2 2 6) (0 0 1.0 1.0 2 0 0 0 0 2 0 2 0 0 2 0 6 6 2 6 3.0 2 6 6 2 0 2 0 0 6 e 2 6 6 0))
((0 3.0 e 0) (e 0 3.0 0 0 0 0 0 0 0 e 0 0 0))
((7 7 7 3.0 7 e) (7 7 e 7 e 3.0 7 7 7 7 e 7 7 7 e))
((8.0 5 8.0) (8.0 5 8.0 8.0 8.0))
((9.0 1.0 9.0 5 6 0 e 0) (5 5 6 0 1.0 9.0 0 e 9.0 9.0 9.0 e))
((9.0 5 9.0 3.0 5 6 1.0 3.0 7 9.0) (9.0 7 9.0 5 9.0 3.0 6 6 9.0 5 5 9.0 3.0 3.0 1.0 6 1.0 3.0))
((7 8.0 8.0 0 8.0 e 5 7 0 8.0) (0 8.0 7 0 8.0 8.0 8.0 5 8.0 0 8.0 8.0 5 8.0 8.0 8.0 7 7 8.0 e 8.0 8.0 8.0))
((2 6 7 6 7 6 6) (6 6 6 6 6 6 2 7 6 7 6))
((9.0 3.0 8.0 8.0 9.0 6 0 3.0 8.0 1.0) (9.0 3.0 3.0 8.0 9.0 9.0 3.0 6 1.0 3.0 0 8.0 9.0 9.0 9.0 8.0 8.0))
((3.0 5 7 9.0 6 7 3.0 2 7 2 9.0 3.0 3.0) (5 2 3.0 3.0 3.0 3.0 3.0 3.0 3.0 3.0 9.0 3.0 3.0 7 7 7 6 3.0 3.0 3.0 3.0 3.0 3.0 3.0 3.0 6 9.0 3.0 6 3.0 2))
((2 e 2 8.0 8.0 2 5 5 7 0 7) (0 8.0 2 0 7 2 0 2 8.0 0 7 8.0 2 0 5 e 0 0 5 2 2 2 e 8.0 5 2 5))
((3.0 3.0) (3.0 3.0 3.0))
((9.0 9.0 1.0 9.0 9.0) (9.0 9.0 9.0 1.0 9.0 9.0 9.0 9.0 1.0 9.0))
(() ())
((2 6 2 0 0) (2 2 0 2 0 2 2 6 6))
((e e) (e e e))
((8.0 5 5 0 5 e 5) (5 e 5 0 5 8.0 5 5 5 5))
((2 0 0 5 9.0 5 9.0 6 9.0 8.0 0 e 0 9.0) (5 5 6 0 2 9.0 2 5 0 0 9.0 2 8.0 2 0 0 9.0 9.0 0 2 e 5 0 8.0 5 2 5 9.0 0 5 2))
((5 5 5 5 5 2 2 7 2 5) (2 5 5 2 7 5 7 2 2 5 5 5 7 5 7 7 2 7 5 5 7))
(() ())
((e 3.0 7 8.0 8.0 9.0 6 6 7 8.0) (6 7 7 9.0 7 7 7 7 8.0 7 6 7 e 8.0 8.0 6 6 6 8.0 8.0 6 8.0 8.0 3.0))
((9.0 2 e 2 9.0 2 1.0 2) (9.0 e 2 9.0 1.0 2 2 1.0 2 1.0 9.0 9.0 2))
((6 3.0 6 0 6 0 0 5) (6 3.0 0 6 6 5 6 6 0 6 6 6 6 5 0 6 6 0))
((5 9.0 e 2 2 2 7 9.0 9.0 9.0 2 9.0 9.0 9.0 7) (2 9.0 9.0 7 2 7 9.0 e 9.0 9.0 9.0 7 e 9.0 2 2 9.0 7 e 5 9.0 2 9.0 2 9.0 9.0 2 9.0 9.0 9.0 2 9.0 7 2 9.0 9.0 9.0))
((7 2 7) (7 7 7 7 7 7 2 7 7 2 7 7))
((3.0 6 5 9.0 8.0 9.0 9.0) (9.0 6 9.0 5 5 9.0 9.0 6 8.0 9.0 3.0 9.0 8.0 9.0 9.0 9.0 9.0))
((0 3.0 0) (0 0 0 0 3.0))
((2 3.0 9.0 5 9.0) (5 2 3.0 9.0 9.0 9.0))
((6 3.0 3.0 1.0 0 1.0) (0 3.0 0 1.0 1.0 1.0 1.0 3.0 3.0 3.0 3.0 1.0 0 3.0 6 3.0))
((8.0 5 8.0 8.0 6 2 3.0 1.0) (5 8.0 6 8.0 2 8.0 5 1.0 3.0 1.0 6 3.0))
((e 7 e e 3.0 1.0 7 1.0 9.0 9.0 9.0 e) (e 9.0 e e e 7 9.0 7 e 7 7 7 e 7 1.0 1.0 e 9.0 9.0 7 1.0 9.0 3.0))
((7 6 2 7 7 2 3.0 2 5 8.0) (2 2 2 2 3.0 8.0 6 2 2 7 2 7 2 6 7 8.0 7 2 2 8.0 5 7))
((7 7 1.0 5 3.0 6 6 5 0 9.0 1.0) (7 6 0 6 7 7 1.0 5 5 0 1.0 3.0 5 9.0 1.0 6 6 0 5 5))
((8.0 5 8.0 8.0 2 0 8.0 8.0 3.0 5 7) (8.0 5 5 8.0 2 7 5 0 3.0 8.0 5 5 8.0 5 8.0 7 8.0 5 8.0))
((6 6 e 0 e e e 3.0 8.0 1.0 7 e e 3.0) (e 3.0 e e 3.0 e 1.0 3.0 8.0 3.0 e 7 6 0 e 8.0 6 e e))
((3.0 0 2 e 2 6 2) (3.0 2 2 6 0 2 2 0 2 3.0 e e e e e e 2 0 2))
((1.0 0 2 1.0 0 3.0 0 0 1.0 1.0) (0 2 0 3.0 1.0 1.0 2 1.0 1.0 1.0 0 0 1.0))
((5 5 5 2 e 0 2 5 3.0 0 e 3.0 5 e 5 0 5 5 2) (2 0 2 e 3.0 5 3.0 5 5 5 2 5 5 2 2 e 5 0 5 5 2 0 0 5 2 3.0 e 0 3.0 2 5 5 0 e))
((e e 6 7 5 e 1.0 6 e e) (7 5 e 1.0 e e 6 e e e 6 e e 6 6 5 e 5 e 6))
((e 9.0 e 9.0 8.0 e) (8.0 9.0 e e e 9.0))
((9.0 e e 9.0 9.0 2 0 5 3.0 e 9.0 1.0 0 e) (e 9.0 9.0 0 e 0 9.0 0 1.0 9.0 2 9.0 9.0 9.0 9.0 9.0 9.0 9.0 3.0 0 e e 5))
((1.0 1.0) (1.0 1.0 1.0))
((3.0 8.0 9.0 7 6) (6 8.0 3.0 8.0 7 9.0 9.0 6 8.0 6 6 6))
((8.0 0 e 0) (e 0 0 8.0 e 0 0))
((7 7 2 0 2 2 8.0 9.0) (8.0 2 2 2 2 8.0 8.0 0 7 7 2 7 7 8.0 2 9.0 8.0 2 8.0))
((5 8.0 5 8.0 9.0 3.0 5 5 1.0 5 9.0 5) (5 8.0 5 9.0 8.0 8.0 5 8.0 8.0 5 5 5 5 8.0 5 8.0 5 5 9.0 8.0 1.0 5 3.0))
((2 5 9.0 3.0) (3.0 9.0 2 5 9.0 9.0 5))
((7 9.0 7 8.0 7 7 e 7 7 6 6 7 7 2 1.0 6 7 6 e e e e 9.0 6 9.0 7 7 e 8.0 6 6 6 0 7 7 6 7) (7 7 6 7 9.0 1.0 0 0 9.0 8.0 6 9.0 7 7 7 7 e 7 e 7 7 e 6 7 8.0 e 7 7 e 7 7 7 9.0 e 7 6 8.0 6 7 6 6 6 0 8.0 1.0 7 6 7 e 2 7 6 7 9.0 6 9.0 8.0 6 7 8.0 7 7 7 7 7 7 e 8.0 8.0 8.0 7 6 8.0 7 9.0 9.0 6 7 7 e 7 6 e 9.0 9.0 9.0 6 6 7 7 7 7 7 6))
((3.0 6 2) (3.0 2 6))
((6 6 1.0) (6 6 1.0 6 1.0))
((1.0 1.0 8.0 8.0) (1.0 1.0 1.0 1.0 8.0 8.0 1.0 1.0 8.0 1.0 1.0 8.0))
((9.0 5 8.0 3.0 e e e 7 3.0) (e 3.0 7 e e 3.0 5 e 8.0 e 9.0))
((1.0 1.0) (1.0 1.0 1.0))
((3.0 2 3.0 0 1.0 1.0 e) (0 3.0 2 3.0 3.0 3.0 e 3.0 1.0 e 1.0 1.0))
((3.0 6 2) (6 2 6 3.0 3.0))
((1.0 3.0 1.0 6 8.0 3.0 2 7) (3.0 1.0 3.0 7 8.0 7 6 3.0 2 3.0 1.0 1.0 3.0 1.0 1.0 3.0 3.0))
((1.0 7 6 5 e 8.0 1.0 5 7 7) (1.0 5 6 5 8.0 1.0 5 8.0 5 7 5 5 7 6 5 e 6 5 7 6 1.0))
((2 6 6 1.0 1.0 6 3.0 0 0) (1.0 2 6 0 0 6 6 6 2 3.0 2 2 0 1.0 1.0 2 6 6))
((7 3.0 6) (7 3.0 6))
((3.0 0 1.0 7 0 3.0 5 9.0 0 0 0) (0 9.0 9.0 0 3.0 3.0 3.0 3.0 3.0 1.0 5 0 9.0 5 0 3.0 3.0 7 9.0 7 3.0 0))
((6 6 8.0 8.0 8.0 8.0 6 7 3.0 0 1.0 6 3.0 6 8.0) (8.0 6 6 6 7 8.0 7 7 8.0 6 7 7 8.0 1.0 7 8.0 8.0 6 6 7 6 8.0 1.0 8.0 6 8.0 3.0 7 8.0 8.0 8.0 6 6 8.0 1.0 3.0 0))
((8.0 8.0 8.0 8.0 8.0 8.0 8.0 8.0 8.0) (8.0 8.0 8.0 8.0 8.0 8.0 8.0 8.0 8.0 8.0 8.0 8.0 8.0 8.0))
((1.0 7 2 0 0 0 e 5) (2 0 7 0 5 1.0 7 0 0 7 0 0 1.0 e 1.0))
((7 0 8.0 6 8.0 7 3.0 e 6 e) (6 6 e 6 6 3.0 6 7 6 7 7 0 7 6 e 8.0 8.0 e 3.0 0 7 3.0 0))
(() ())
((5 2 1.0 2 2 6 8.0 5 1.0) (1.0 2 2 5 1.0 6 2 2 2 2 5 2 5 2 8.0 2))
((6) (6))
((8.0 2 1.0 9.0 2 3.0 8.0 2 7 9.0 8.0) (8.0 2 1.0 9.0 2 8.0 8.0 7 1.0 3.0 2 8.0 2 9.0 9.0 1.0 2 2 9.0 8.0 2 2 2 2 8.0))
((9.0 5 3.0 7 2 9.0 7 7 3.0 9.0) (9.0 3.0 7 5 5 5 3.0 9.0 9.0 7 7 7 9.0 9.0 7 2 9.0 2))
(() ())
((e 3.0) (3.0 e e 3.0 e))
((5 5) (5 5 5 5))
((3.0 2 5 2 2 6 3.0) (2 6 3.0 2 2 2 5 2 3.0))
((8.0 9.0 9.0 9.0) (9.0 9.0 9.0 9.0 9.0 9.0 9.0 8.0 8.0 9.0 8.0))
((8.0 e 1.0 7 6 8.0 e 8.0 8.0) (e 8.0 1.0 1.0 7 7 7 6 e 6 8.0 8.0 7 7 8.0 8.0 7 8.0))
((e 6 7) (6 e 7))
((2 6 1.0 1.0 2 2 2 e 2 8.0 3.0 5 1.0) (8.0 2 1.0 8.0 2 8.0 3.0 1.0 1.0 e 5 2 8.0 2 6 1.0 2 2 2 5 1.0 2 2 3.0 2 2 2 3.0 2 1.0 2 1.0 8.0 5))
((1.0 3.0 1.0) (3.0 1.0 1.0 1.0 3.0 1.0 1.0))
((5 9.0 6 7 7 9.0 8.0 5 7) (5 7 7 5 7 5 8.0 9.0 5 7 7 9.0 7 7 5 6))
((2 8.0 1.0 3.0 7 6 0) (3.0 7 6 8.0 2 1.0 3.0 6 8.0 3.0 1.0 7 0 0 0 0 0 8.0 8.0 2 1.0))
((5 5 6 3.0) (6 3.0 6 3.0 5 3.0 6 3.0 5))
((3.0 6 6 5 5) (6 3.0 6 5 3.0 5 6 3.0 3.0 5 6))
((7 7 e 0 0 3.0 0 7 2 6 7 e) (7 2 e 6 6 0 6 0 e 7 6 0 7 0 3.0 2 0 e 0 6 0 7 0 7 0))
((2 8.0 3.0 e 8.0 7 2 9.0 1.0 9.0 1.0) (9.0 9.0 e 2 8.0 2 3.0 2 9.0 2 1.0 2 7 8.0 1.0 2 2 8.0 7 2))
((2 9.0) (9.0 2 9.0 9.0 9.0 9.0))
((3.0 9.0 5 9.0 0 e 8.0 6 6 2) (2 6 6 5 5 e 2 6 5 2 9.0 9.0 2 2 2 5 8.0 2 3.0 6 0 9.0))
((0 1.0 3.0 3.0 9.0 8.0 2 7 0 0 8.0 2) (3.0 0 1.0 3.0 0 0 3.0 2 0 7 0 0 8.0 0 7 7 2 0 9.0 0 8.0 7))
(() ())
(() ())
((e 6) (6 e e 6 e))
((0 0 8.0 0 0 9.0) (0 0 8.0 8.0 8.0 0 0 8.0 0 9.0 8.0 8.0 0 8.0 9.0 0 0 0 8.0 8.0 8.0 0 9.0 0))
((9.0 7) (9.0 9.0 7 9.0 9.0 9.0))
((3.0 2 3.0 e 3.0 5 e e 3.0 e) (e e 3.0 3.0 2 3.0 e 2 e 3.0 e 5 3.0 2 3.0 e 3.0 e e 3.0 e 3.0 3.0))
((7 e 7 5 5 2 7 7 5 e 8.0 7 7) (5 7 8.0 e e 8.0 5 7 7 2 e e 2 7 7 5 7 5 5 7 5 7 7))
(() ())
((0 3.0 2) (3.0 2 3.0 0))
((3.0 3.0) (3.0 3.0))
((6 7 0 6 5 7 8.0 7 3.0) (7 3.0 6 6 0 6 7 3.0 8.0 5 7 5 7 3.0 6))
(() ())
((6) (6))
((1.0 5 9.0 5) (9.0 1.0 5 5 5 5))
((3.0 2 5 5 5 2 0 0 5 3.0 e e 2) (3.0 5 5 0 2 0 0 2 5 3.0 3.0 e 5 5 5 3.0 5 2 0 5 2 5 3.0 3.0 5 3.0 3.0 5 3.0 3.0 3.0 2 e))
((2 e 6 5 0 0 7 5 5 e) (5 5 e 5 2 e 5 6 e 2 6 0 5 e 5 5 e 0 6 6 e 5 7 0 0))
((5 e 7 0 e 5) (5 e 7 0 5 5 0 5 e 5 0 5))
((1.0 1.0 e 8.0 0 e 8.0) (e 8.0 0 1.0 1.0 8.0 8.0 0 1.0 e 8.0 e 8.0 e 8.0 8.0))
((9.0 9.0 9.0) (9.0 9.0 9.0 9.0 9.0 9.0))
((8.0 8.0 0 0 e 0 0 e 8.0 8.0) (0 0 0 e 8.0 8.0 e 8.0 0 e 0 8.0 8.0 8.0 0 0 8.0 8.0 0 e))
((1.0) (1.0 1.0 1.0 1.0))
((6 2 0 0 6 7 3.0) (3.0 3.0 3.0 6 3.0 6 2 6 2 3.0 7 3.0 7 0 0 7 0))
((9.0 2 2 9.0) (2 9.0 2 2 2 9.0))
((6 3.0 0 1.0) (0 1.0 1.0 0 1.0 1.0 6 3.0 0 3.0 1.0 1.0))
((7 3.0 5 3.0 3.0 3.0 8.0 8.0) (3.0 5 3.0 7 8.0 3.0 3.0 5 8.0 3.0 3.0 5 3.0 3.0 5 7))
((3.0 2 2 3.0 8.0 6 2 6 9.0 5 8.0) (6 3.0 8.0 2 3.0 3.0 2 6 8.0 2 8.0 5 9.0 8.0 8.0 8.0 3.0 8.0 3.0 8.0 3.0 3.0 8.0 6 8.0 8.0 2 8.0 9.0))
((7 8.0 7 7) (7 8.0 7 7 7 7))
((2 3.0 8.0 7 9.0 0) (3.0 2 9.0 8.0 7 0 2))
((e 6 9.0 6 6 9.0 6 3.0) (6 3.0 6 9.0 e 6 3.0 6 6 6 9.0 6 6 6 9.0 6 6 9.0 3.0))
(() ())
((6 5 3.0 8.0 6 3.0 0 6 5 7 7 6 0 6 3.0 5 7 7 3.0 5 5) (0 3.0 5 8.0 6 6 6 5 5 6 5 3.0 6 5 0 6 3.0 8.0 6 7 7 5 3.0 5 5 0 6 3.0 7 6 6 5 5 7 5 8.0 6))
((8.0 0 7 3.0 8.0 9.0 8.0 3.0) (8.0 0 8.0 3.0 8.0 3.0 8.0 8.0 7 9.0 8.0 9.0 9.0 7 8.0 8.0 9.0 0 3.0 9.0))
((7 5 3.0 2 2 5 9.0 8.0 2 6) (5 2 8.0 9.0 5 2 2 5 2 3.0 2 7 6 8.0 5))
((3.0 2 e 2 2) (e 2 2 3.0 2))
((7 6 8.0 9.0 1.0 0 8.0 9.0 9.0 6 8.0) (1.0 1.0 1.0 7 7 0 6 1.0 8.0 8.0 6 8.0 1.0 9.0 8.0 9.0 8.0 1.0 8.0 8.0 8.0 9.0))
((7 5 9.0 5 6 9.0 0) (5 5 0 9.0 7 9.0 5 5 6))
((9.0 0 5 0 e 2 8.0) (0 9.0 8.0 5 e 0 9.0 2 8.0 0))
((1.0 1.0 1.0 7 1.0 7 7 6 1.0 1.0 8.0 8.0 e) (7 7 1.0 1.0 e 1.0 1.0 1.0 8.0 1.0 1.0 1.0 7 7 1.0 8.0 1.0 6 1.0 8.0 7))
((e e 2 7 5 1.0 6 1.0 3.0) (1.0 2 e e 5 1.0 7 3.0 6 6 2 3.0 1.0 e e e 5 e 6 e 2 1.0 e 5))
((6 6 8.0 3.0 3.0 9.0 e 6 6 6 6 5 6 3.0) (6 6 3.0 6 3.0 5 6 6 6 9.0 3.0 3.0 6 6 6 6 6 9.0 6 9.0 8.0 6 e 6 8.0 6 3.0 6))
((2 0 7 8.0 7 0 7 e 0 7 9.0) (7 e e 0 0 7 9.0 e e e 2 0 0 7 7 7 0 7 7 e 7 0 7 e 8.0))
((6 7 e 7 7 7 6) (7 7 6 7 7 7 e 7 6 7 6 6 7 7 7))
((1.0) (1.0))
((e e e e 5 e) (e e e e e e 5 e e e e e e e))
((9.0 0 5 9.0 2 7 9.0 0 2 e e 9.0 0 9.0) (0 e 0 2 9.0 7 e 2 9.0 e e 0 9.0 9.0 2 e e e 5 0 9.0 5 9.0 2 5 2 e 9.0 9.0 2 9.0 e))
((9.0 6 6 2) (6 6 9.0 2 6))
((9.0 9.0 0 8.0 8.0 5 7 8.0 1.0) (8.0 0 8.0 8.0 9.0 9.0 7 8.0 5 8.0 1.0 8.0))
((8.0 5 9.0 2 9.0 9.0 9.0 9.0 2 2 3.0 9.0 9.0 1.0 5 1.0 3.0 9.0) (2 9.0 9.0 2 1.0 8.0 9.0 9.0 9.0 2 3.0 9.0 5 3.0 9.0 9.0 5 9.0 1.0 8.0 9.0 2 9.0 9.0 9.0 2 9.0 5 9.0 9.0 2 9.0 5 9.0 1.0 9.0 5))
((8.0 8.0) (8.0 8.0 8.0 8.0))
((6 2 0 e e 5 6 5 6 0 1.0 6 e 6 2) (e 6 e 5 2 0 1.0 0 6 0 6 6 0 0 0 6 6 6 5 e 6 0 5 2))
((1.0 6 0 6 6 5 2) (6 0 6 5 6 6 1.0 1.0 2 1.0 6 6))
((2 0 0 2) (0 2 2 0 0 0 0))
((5) (5))
((2 8.0 3.0 8.0 8.0 2 2 7 2 2 8.0 2 7 0 7 2 e) (e 7 3.0 8.0 3.0 8.0 7 2 2 2 3.0 0 7 7 e 2 2 2 2 7 3.0 8.0 2 2 2 8.0 8.0 2 8.0 7 8.0 2))
((7 e 7 9.0) (7 e e e e e 9.0 9.0 9.0 7 9.0 9.0))
((e) (e))
((e 0 2 9.0 e 2 2 2 2 3.0 9.0 1.0 2 0) (1.0 2 9.0 0 3.0 0 2 2 0 2 2 2 2 0 2 9.0 0 3.0 0 0 2 2 1.0 2 2 2 2 e e))
((5 0 5) (5 5 0 5 0 5))
((1.0 1.0 6 8.0 0 8.0 1.0 1.0 1.0 0 6 8.0 3.0 9.0 0 1.0 1.0) (8.0 1.0 6 6 1.0 1.0 8.0 1.0 1.0 1.0 1.0 8.0 3.0 1.0 0 1.0 8.0 6 1.0 0 1.0 1.0 6 8.0 3.0 9.0 1.0 1.0 0))
((0 7 3.0 7 7 2 6 2 7 6 6 8.0 7 1.0) (6 7 7 1.0 7 1.0 2 7 3.0 7 7 6 7 7 8.0 6 7 7 2 8.0 6 7 7 0 6 7 6))
(() ())
((5 8.0 5 7 6) (8.0 8.0 5 8.0 8.0 5 5 8.0 6 8.0 7 6 5))
((6 7 0 7 9.0 7 0 6 e 7) (0 7 e 6 6 0 7 e 7 7 7 0 6 e 7 7 9.0 7))
((3.0 8.0 0 5 8.0 3.0 2 9.0) (3.0 0 0 3.0 5 8.0 8.0 0 0 3.0 3.0 0 0 3.0 9.0 8.0 8.0 9.0 8.0 5 9.0 0 0 3.0 0 3.0 2))
(() ())
((7 e e 6 7 0 6 0 6 0) (0 e 6 0 e 6 6 0 e 6 6 e 7 e 0 7 7 0 6 0 6 6 6))
((8.0) (8.0 8.0))
((2 3.0 3.0 e 3.0 9.0 3.0 3.0 2) (3.0 2 9.0 3.0 3.0 3.0 3.0 2 2 3.0 3.0 3.0 2 e 3.0))
((2 7 2 1.0 3.0 7 7) (1.0 2 7 1.0 2 7 3.0 3.0 3.0 1.0 2 2 1.0 7 2 1.0 7 1.0 7))
((5 7 3.0 0 e 2) (5 7 3.0 2 e 0))
((8.0 6 2 5 2 2 2) (2 6 6 2 2 2 2 2 2 6 2 2 6 6 8.0 6 2 5 8.0 6 6 6 2))
((5) (5 5 5))
((1.0 5 5 e 6 7 5 1.0 e 6 7 1.0 6 6) (7 6 7 1.0 1.0 7 6 1.0 7 1.0 5 5 6 e 1.0 6 e 5 5 1.0 7 6 6 1.0 7 1.0 1.0 6 1.0 1.0 6))
((0 7 0 6 5 7 5 6 6) (0 7 5 6 7 7 6 7 7 5 7 7 6 7 0 0 7 5 6))
((7 0 0 8.0 7) (7 0 0 7 7 7 0 7 8.0))
((0 7 8.0 6 0 1.0 7) (1.0 0 0 1.0 0 6 0 1.0 8.0 0 7 1.0 0 7 0 0))
((7 9.0 2 e 2 2 9.0 9.0 9.0 9.0 0 9.0) (9.0 9.0 2 0 0 9.0 9.0 9.0 9.0 2 7 7 2 7 9.0 9.0 7 9.0 9.0 e 0 2 9.0 2 9.0 9.0 9.0))
((8.0 7 0 6 1.0 6 6 8.0 3.0 e 5) (6 e 8.0 6 8.0 8.0 1.0 6 6 0 e 7 e 0 6 6 3.0 5))
((6 5 6 2 2 3.0 6 2) (6 6 6 2 2 5 2 2 3.0 2 2 2 6 2 3.0 6 5 2 2))
(() ())
((3.0 e 1.0 6 5) (3.0 6 5 e 5 6 1.0 6 1.0 6 6))
((8.0 1.0 8.0 3.0 8.0 3.0 5 3.0 e 6 5 8.0 e 5 e) (8.0 8.0 8.0 5 e 8.0 e 5 5 5 e 8.0 8.0 3.0 8.0 8.0 8.0 e 5 8.0 3.0 3.0 e 6 e 5 8.0 5 8.0 8.0 5 3.0 6 8.0 8.0 e 1.0 3.0 5))
((8.0 9.0 7 5 1.0 e 5 2 6 7 1.0 0 1.0 2 1.0) (1.0 9.0 1.0 0 9.0 5 1.0 1.0 9.0 1.0 7 2 9.0 7 8.0 9.0 6 9.0 9.0 1.0 1.0 5 9.0 9.0 5 e 9.0 2 9.0 1.0 2 5 8.0 1.0))
((0 7) (7 7 0))
((1.0 6 0 e 2 6 8.0 3.0 6 6) (6 8.0 6 8.0 6 0 1.0 6 6 e 6 6 e 2 e 0 8.0 6 6 e 6 6 3.0 8.0 6 6 8.0 6 0))
(() ())
((2 0 3.0 0 2 2 7 7 0 2) (7 0 0 2 2 0 0 0 7 0 2 2 0 3.0 3.0 7 0 3.0 0))
((3.0 5 0 5 1.0 5 0 9.0 3.0 1.0 6 1.0 6 2 8.0 2 2) (0 5 8.0 6 2 0 5 5 6 1.0 5 2 5 6 5 2 8.0 0 0 5 8.0 1.0 1.0 5 1.0 8.0 3.0 8.0 3.0 9.0 8.0 6 8.0 0 1.0 3.0 6 5 8.0 6 3.0 6))
((6 3.0 7 3.0 3.0 1.0 6 6) (6 3.0 6 1.0 6 3.0 6 6 3.0 7 7 6 7))
(() ())
((3.0 3.0 9.0 6 5 7 3.0 1.0 5 5) (9.0 3.0 6 5 5 5 7 5 6 5 1.0 7 5 3.0 9.0 3.0))
((5 5 5 5 5 5) (5 5 5 5 5 5 5 5 5 5 5 5 5 5))
((2 2 8.0 2 9.0 e) (2 8.0 2 9.0 e 8.0 2 9.0 9.0 9.0 9.0 9.0 9.0))
((8.0 8.0 8.0 6 e 0 5 9.0) (5 e 8.0 8.0 8.0 6 9.0 5 8.0 5 6 9.0 9.0 6 0 6))
((3.0 2 3.0 0 3.0 3.0 9.0 0 3.0 9.0 6 e 3.0 6 9.0 3.0 3.0 e 1.0 6) (6 e 3.0 0 0 3.0 3.0 6 9.0 3.0 3.0 3.0 3.0 3.0 6 1.0 0 0 3.0 1.0 6 6 3.0 0 0 2 3.0 9.0 e 0 9.0 e 9.0 6 0 3.0 3.0 9.0 3.0))
((7 6 7 6 7 6 1.0 5 2 9.0 7 5 7 1.0) (7 7 5 1.0 5 7 6 1.0 6 7 6 6 5 2 6 1.0 7 1.0 9.0 7 9.0))
((9.0 e 9.0 1.0 9.0 9.0 6 e 7 7) (7 9.0 e 6 6 9.0 9.0 1.0 9.0 e 9.0 9.0 9.0 9.0 7 9.0 9.0 9.0 9.0 9.0 e 9.0 7 e 7))
((3.0 9.0 e 9.0 9.0 2 9.0 7 6 5) (9.0 9.0 9.0 2 9.0 7 9.0 9.0 e 6 3.0 5 3.0 9.0 5))
((9.0 9.0 7 6 3.0 7 7 1.0 8.0 7 6 6 8.0 7) (9.0 8.0 7 7 7 7 7 7 6 1.0 3.0 7 8.0 3.0 9.0 7 7 7 7 7 6 7 6 7 7 9.0))
((1.0 9.0 1.0 8.0 6) (1.0 8.0 1.0 6 1.0 9.0 9.0 6))
((2 e 7 e 1.0 e) (e e 2 e e 1.0 e 7 7))
((1.0 2 1.0 5 0 0) (1.0 1.0 5 2 5 1.0 0 0 0 1.0 2))
((2 6 2 8.0) (2 2 8.0 2 6 2 2 8.0 6))
((3.0 3.0 3.0 3.0 3.0) (3.0 3.0 3.0 3.0 3.0 3.0 3.0 3.0))
(() ())
((9.0 e e 3.0 7 e 7) (7 9.0 e e 3.0 7 7 e e 3.0 e))
((3.0 5 e 2 9.0 7 9.0 7 8.0 2 9.0 3.0 5 e 9.0) (e e 9.0 9.0 5 5 3.0 3.0 3.0 9.0 2 3.0 9.0 e 5 7 3.0 9.0 7 9.0 2 9.0 8.0 3.0 8.0 9.0 3.0 9.0 3.0 5 9.0 8.0 3.0 7 5 3.0 e 2))
(() ())
(() ())
((7 6 7 7) (7 6 7 7 6 6 7 7 7 6 7))
((9.0 9.0 e) (9.0 e 9.0 9.0 9.0 9.0))
((9.0 e 9.0 7 5 5 1.0) (9.0 5 7 e 9.0 9.0 5 e 5 9.0 5 5 9.0 e e 1.0 e 5 1.0 7))
((7 1.0 6 7) (7 7 1.0 7 1.0 7 6 6))
((9.0 8.0 8.0 7 8.0 3.0 6 9.0 6 2 5 5) (5 5 7 8.0 2 6 9.0 8.0 2 8.0 9.0 8.0 9.0 9.0 6 5 8.0 3.0))
((6 3.0 3.0 3.0) (3.0 3.0 3.0 3.0 3.0 3.0 6 3.0 3.0))
((5 2 1.0 6 6 2 5 5 5 6 6 6 5) (6 6 5 2 2 6 2 6 6 2 2 5 5 5 6 2 1.0 5 5 1.0 6 6 6 5))
((2 2) (2 2 2))
((e e 1.0) (1.0 e e))
((1.0 8.0 5 8.0 0 9.0 9.0) (8.0 9.0 8.0 1.0 0 9.0 8.0 1.0 5 9.0 8.0 9.0 8.0 8.0 5 9.0 1.0 8.0))
((9.0 1.0 3.0 e 1.0 1.0 9.0 2 5) (1.0 1.0 2 9.0 2 1.0 1.0 1.0 e 3.0 1.0 1.0 9.0 2 5 9.0 9.0 1.0))
(() ())
((0 e 5 1.0 9.0 e 1.0 e 0 5) (e 5 e 0 0 0 e 1.0 5 0 0 0 5 e 5 e 0 1.0 e 1.0 1.0 5 9.0 5 5 5 5 e e))
((5 3.0 0 6 2 8.0 8.0 7 3.0 0 0) (2 0 8.0 0 8.0 0 8.0 6 5 7 3.0 8.0 8.0 5 0 3.0 5 5 0 8.0 5))
((6 5 9.0 9.0 1.0 8.0 6) (6 9.0 9.0 6 9.0 9.0 6 9.0 9.0 6 6 9.0 9.0 5 9.0 1.0 9.0 8.0 9.0 8.0))
((6 5 8.0 e 5 9.0 5 9.0 8.0 8.0 9.0 7 9.0) (5 5 9.0 e 9.0 9.0 9.0 9.0 9.0 8.0 8.0 5 5 9.0 5 9.0 8.0 8.0 9.0 8.0 9.0 6 7))
((1.0) (1.0))
((0 0) (0 0))
((1.0 5 5 7) (7 7 5 1.0 1.0 7 5 7 5 7))
((1.0 5 7 7) (1.0 7 7 7 7 5 7 1.0 7))
((1.0 1.0 1.0 6 9.0 1.0 2 2 0 1.0 1.0 0 9.0 9.0 9.0) (6 2 1.0 2 0 1.0 9.0 9.0 1.0 2 1.0 1.0 1.0 0 1.0 9.0 9.0 9.0 1.0 1.0 9.0 1.0 6 1.0 1.0 1.0 1.0 1.0 9.0))
(() ())
((2 2 2) (2 2 2 2 2 2 2 2 2))
((5 0 8.0 0 5 e 3.0 2 5 7 0 0 3.0 2 2 0 0 8.0) (0 0 7 5 e 7 8.0 2 0 5 2 5 0 8.0 0 2 3.0 7 2 0 e 8.0 2 7 e 8.0 3.0 0 e 3.0 2 3.0 5 2 5 2 5 0 0 e))
((e) (e))
((e 1.0 7 6 6 0 7) (6 7 e e 7 6 7 1.0 6 0))
((2 3.0 2 8.0 e) (2 2 3.0 3.0 e 8.0 e 8.0 3.0 3.0 2 2 3.0 2))
((0 5 7 7 7 2 2) (7 7 7 7 7 7 5 2 2 0 7))
((0 7 0 9.0 5 3.0 5 0 7 0 0) (3.0 0 0 0 7 7 0 0 0 0 0 0 9.0 5 5 7 5 0 5 0))
((6 0 0 9.0 7 0 0 9.0 6 6 2) (7 0 9.0 6 0 7 6 0 9.0 6 0 0 6 0 2 0 6 0 9.0 0 0 0))
((9.0 9.0 8.0 9.0 9.0 1.0 9.0) (9.0 9.0 9.0 9.0 9.0 8.0 8.0 1.0 9.0 1.0 9.0))
((9.0 e 8.0 8.0 8.0 8.0 0 8.0 9.0 5 1.0) (8.0 8.0 1.0 8.0 8.0 e 8.0 9.0 9.0 9.0 8.0 1.0 9.0 9.0 8.0 8.0 e 0 8.0 8.0 9.0 5))
((1.0 1.0 1.0 1.0 1.0 5 1.0 e 2 1.0) (1.0 e e e 1.0 1.0 1.0 2 1.0 1.0 1.0 1.0 2 1.0 e 1.0 e 5 5 1.0 1.0 1.0))
((0 7 1.0 1.0 8.0 7 7 1.0 0 6 6) (6 6 0 7 7 6 7 1.0 1.0 1.0 6 8.0 7 1.0 7 6 1.0 7 1.0 1.0 0))
((5 5 5 5 9.0 9.0 3.0 1.0 9.0 5 9.0) (3.0 5 9.0 5 9.0 5 1.0 9.0 5 9.0 9.0 5 5 5 5 9.0 5 9.0 3.0 5 5 5))
((3.0 e 6 3.0 1.0 e e 8.0 5 7 e) (e e 8.0 7 6 3.0 e e e 1.0 6 e e 6 8.0 8.0 3.0 1.0 6 6 e 1.0 8.0 e 8.0 6 e e e 3.0 6 8.0 6 e 5 e e 8.0 e))
((9.0 3.0 6 8.0 6 5 3.0 6) (9.0 6 3.0 8.0 8.0 8.0 9.0 8.0 6 5 8.0 3.0 3.0 3.0 6))
((e 9.0 1.0 9.0 2 8.0 1.0 5 5 3.0 3.0 e 3.0) (e 9.0 3.0 e 3.0 1.0 9.0 8.0 1.0 5 2 5 9.0 e 3.0 3.0 9.0 9.0 9.0 5 2))
((6 6 6 6 6 6) (6 6 6 6 6 6 6 6 6))
((9.0 8.0 8.0 8.0 8.0 8.0 8.0 8.0) (8.0 8.0 8.0 8.0 8.0 8.0 9.0 8.0 8.0 9.0 8.0 8.0 8.0 8.0 8.0 8.0))
((1.0 2 2 6 6 2 2 1.0 6 9.0) (6 6 9.0 2 2 1.0 6 2 2 2 2 2 6 1.0 9.0 2 2))
(() ())
((8.0 5 8.0 1.0 2 5 7 1.0) (5 2 5 1.0 8.0 5 5 7 8.0 8.0 5 1.0 8.0 1.0 5 2 1.0 2 2 1.0 1.0 1.0))
((2 2) (2 2 2 2 2))
((3.0 e 0 3.0 9.0 5 9.0 e 9.0 3.0 e) (3.0 3.0 3.0 5 9.0 9.0 0 5 e e 3.0 5 5 e e 9.0 5 e 3.0 0 0 3.0 5 5 e))
((0 9.0 9.0 9.0 9.0 7 3.0 8.0 9.0 e 9.0 0 9.0) (0 0 3.0 0 9.0 9.0 9.0 7 9.0 0 9.0 9.0 e 9.0 9.0 9.0 9.0 9.0 3.0 9.0 9.0 9.0 8.0))
((e 1.0 3.0) (1.0 3.0 e 1.0))
((6 9.0 1.0 3.0 2 3.0 9.0 1.0) (2 2 6 1.0 9.0 1.0 3.0 3.0 9.0 3.0 3.0 3.0 9.0 2 2))
((5 7 7 0 9.0 6) (0 7 6 5 7 0 9.0 0 9.0))
((5 0 9.0 5 5 6) (5 5 5 9.0 0 5 5 6 5 6))
((1.0 8.0 3.0 1.0 0 1.0 5 9.0 1.0 3.0) (1.0 0 1.0 3.0 8.0 1.0 1.0 0 1.0 3.0 3.0 1.0 1.0 1.0 5 9.0 3.0 8.0 3.0 1.0 3.0 9.0))
((6 2 6) (6 2 2 6))
((3.0 6 6 6) (3.0 6 6 6 6))
((6) (6))
((0) (0 0))
((5) (5 5 5))
((3.0 3.0) (3.0 3.0 3.0 3.0 3.0))
((8.0 e 0 e 0) (8.0 0 e 8.0 e 0))
(() ())
((6 1.0 e 6 5 6) (6 6 6 5 6 6 6 6 6 1.0 e))
(() ())
((9.0 7 5 0 5 2 5 9.0 9.0) (2 9.0 0 5 5 0 5 9.0 5 7 2 9.0 5))
((7 7 7 7) (7 7 7 7 7))
((e 6 6) (e 6 6 6 6 e 6 6 6 6))
((e 9.0 e e) (e e 9.0 e e e e e e))
((1.0 1.0 1.0 8.0 7 9.0 1.0 9.0 7 9.0) (7 9.0 9.0 9.0 1.0 1.0 1.0 7 1.0 1.0 9.0 8.0 7 9.0 9.0 1.0 9.0 1.0 1.0 1.0 7 1.0))
(() ())
(() ())
((1.0 2 8.0 1.0 8.0 3.0) (1.0 1.0 1.0 3.0 1.0 1.0 8.0 8.0 3.0 2 1.0 1.0 1.0 1.0 8.0 1.0))
((0 0 6 8.0 3.0) (0 8.0 6 3.0 0 0 0))
((5 5 5) (5 5 5))
(() ())
((0 3.0 9.0 9.0 8.0 8.0 8.0 9.0 0 9.0 0 9.0) (0 0 9.0 8.0 8.0 9.0 9.0 8.0 9.0 8.0 8.0 9.0 8.0 9.0 8.0 9.0 9.0 9.0 9.0 0 9.0 3.0))
((1.0 3.0 8.0 7 7 7 9.0 3.0 0 2 3.0 0) (0 7 3.0 7 3.0 1.0 8.0 2 3.0 0 7 9.0 3.0 1.0 3.0 2 3.0 7 3.0 2 3.0 3.0 2))
((7 9.0 6 2 1.0 7) (7 9.0 9.0 2 6 2 7 7 7 2 1.0))
((e e 1.0 7 3.0 1.0 e) (e 1.0 e 7 e 3.0 e 1.0 1.0 e))
((8.0 e e e e) (8.0 e e e e e e e e))
((8.0) (8.0))
((e 3.0 1.0 5 5 5 0 5 2 0 3.0 5 0 2 5 5 e) (5 5 5 5 0 5 3.0 e 1.0 5 5 2 5 0 5 5 5 0 2 5 5 5 e 3.0 3.0 5 2 5 e 0 5 1.0 5 0 5 2 3.0 5 3.0 5))
((1.0 3.0 5 2 3.0 2 3.0 1.0 3.0) (3.0 2 2 2 2 1.0 2 2 5 2 1.0 2 1.0 3.0 3.0 3.0 1.0 3.0 2 3.0 2 2))
((5 2 0 2 0 1.0) (5 2 2 5 0 0 2 5 2 5 0 1.0 2 0 0 0 2))
((5 3.0 1.0 2 8.0 e 7 e 8.0 3.0 7 5 5 7 7 9.0 1.0 8.0) (e 8.0 e 7 7 7 3.0 8.0 5 3.0 8.0 e 7 9.0 8.0 2 8.0 7 3.0 3.0 5 3.0 7 5 7 e 8.0 3.0 1.0 7 5 7 3.0 1.0 8.0 8.0 e 3.0))
((7 7) (7 7 7))
((8.0 0 0 0 0 2 8.0 2) (0 2 0 0 2 8.0 8.0 0 0 2 2 0 0))
(() ())
((0 5 3.0 2 2 7 e) (3.0 5 2 e 2 0 2 7))
((7 5 2 5 6 e 0 6) (7 7 e 7 2 5 e 7 0 5 7 e 7 2 e 6 6 7))
((8.0 2 2 1.0 2 2 2 3.0 e 2 8.0 2 2 8.0) (8.0 2 2 2 2 8.0 2 2 2 8.0 2 2 2 2 2 2 3.0 8.0 8.0 1.0 2 8.0 2 8.0 2 2 2 e 2 2 8.0 2 2))
((5 6 8.0 8.0 3.0 7 6) (8.0 3.0 5 7 6 8.0 5 8.0 8.0 6 7 3.0 8.0 3.0 8.0 8.0 6 5 5 5 3.0))
((0 0 0 2 2 2) (2 0 0 0 0 2 2 0 2))
((0 3.0 2 3.0 1.0 3.0 6 5) (6 3.0 5 2 3.0 3.0 3.0 0 1.0 0))
((5 6 0 0) (5 5 5 0 5 5 0 6 0 0 6))
((1.0 0 1.0 7 0 5 6 5) (0 6 0 1.0 0 5 0 5 7 0 1.0 0 5 1.0 5 0))
((1.0 1.0 1.0 9.0 0 1.0 8.0 1.0 0 1.0 1.0 7 1.0 1.0 1.0 0) (1.0 1.0 0 7 0 1.0 1.0 0 0 7 1.0 9.0 7 1.0 1.0 1.0 0 0 1.0 8.0 1.0 0 1.0 1.0 1.0 0 1.0 1.0 1.0 0 1.0 1.0 0 0 0 8.0 0 1.0 1.0))
((0 7 9.0 3.0 1.0 e 0 3.0 6) (9.0 1.0 7 e 0 6 3.0 0 3.0 3.0 1.0 0 3.0 0 0 7))
((0 8.0 0 8.0 0 0 e) (0 0 0 0 8.0 0 e 8.0 0 e 0))
((8.0 e 8.0 7 8.0 8.0 7) (8.0 7 e 8.0 e 8.0 8.0 8.0 e 7 8.0 7))
((8.0 3.0 7 0 5 2) (5 5 3.0 7 7 0 5 8.0 8.0 3.0 7 5 2))
((7 8.0 8.0 0 0 5 1.0 0) (1.0 8.0 7 5 8.0 0 5 0 0 0 0 5 7 5))
((3.0 e 3.0 3.0 5 2 3.0 3.0 2 7 2 e 3.0) (2 2 3.0 3.0 3.0 e 2 3.0 3.0 3.0 2 7 2 2 e 3.0 e 2 2 2 5 2 e e 7 e))
(() ())
((7 2 8.0) (8.0 7 8.0 2 8.0))
((3.0 e 3.0 6 1.0 3.0 3.0 3.0 8.0 3.0 9.0 3.0 7 5 6) (3.0 3.0 3.0 3.0 3.0 3.0 3.0 3.0 6 1.0 e e 9.0 7 3.0 3.0 3.0 3.0 3.0 e 8.0 3.0 1.0 6 9.0 e 3.0 9.0 3.0 7 e 5))
((5 2 e 5 2 8.0) (5 2 2 5 2 2 5 8.0 5 8.0 8.0 8.0 2 5 2 5 5 2 e))
((3.0 3.0 3.0) (3.0 3.0 3.0))
((0 8.0 5 1.0 1.0 0 1.0 1.0 3.0 1.0 1.0 5 2) (8.0 8.0 1.0 1.0 1.0 1.0 2 5 1.0 1.0 0 2 3.0 1.0 1.0 3.0 0 1.0 0 0 5 3.0 1.0 1.0 8.0))
((9.0) (9.0 9.0 9.0))
((5 0 7 6 e 6 6 6 6 3.0 1.0 2) (1.0 1.0 6 3.0 2 6 6 6 5 0 6 3.0 6 6 e 3.0 7 6 e 3.0 5 3.0 6 6 6))
((0 9.0 e 9.0 9.0 9.0 8.0 8.0) (0 8.0 9.0 9.0 9.0 9.0 9.0 9.0 9.0 9.0 9.0 8.0 8.0 e))
((3.0 7) (7 7 7 7 3.0 3.0 7 7))
((1.0 9.0 e 3.0 9.0 9.0 5 1.0 9.0 8.0) (3.0 9.0 e 9.0 e 9.0 3.0 1.0 8.0 5 e 9.0 1.0 9.0 1.0 1.0 9.0))
((6 e 5 0 2 6 0 7) (0 0 5 e 7 6 6 2 6))
((e e) (e e))
((6 0 0 7) (0 7 7 7 6 7 0 0 0))
((5 1.0 e 7 e 1.0 2 6) (5 7 e 1.0 2 1.0 1.0 1.0 2 7 e e 6 2 7 1.0))
((0) (0))
((6 9.0 9.0 0 1.0 2 8.0 1.0 8.0 2 2 e) (1.0 1.0 9.0 1.0 8.0 9.0 8.0 2 6 0 8.0 2 8.0 8.0 1.0 9.0 9.0 0 e 8.0 2 2 1.0 8.0 8.0 2 1.0))
((3.0 7 2 e 9.0 8.0 e e 3.0 3.0 e 7 3.0) (e e e 7 3.0 3.0 7 3.0 3.0 3.0 e 2 7 e e 3.0 e e 2 3.0 9.0 3.0 7 8.0 7 3.0 3.0 e))
((3.0 0 0 3.0 9.0 3.0 0) (3.0 3.0 3.0 0 3.0 3.0 3.0 9.0 0 3.0 3.0 0 3.0 0 3.0 0 0))
((5 0 6 8.0 0 0 2 0 6 0 8.0) (2 6 0 8.0 0 5 6 0 2 0 0 6 8.0 0 0 0 0 0 0 0 5 6 0 5 8.0 2 5))
((7 1.0 1.0 7 9.0 5 5 8.0 8.0) (8.0 5 7 7 8.0 1.0 5 7 9.0 7 1.0 8.0 7 5))
((0 8.0 0 2 2) (8.0 2 2 8.0 0 2 0))
((8.0 8.0 5 8.0 1.0) (8.0 8.0 5 1.0 1.0 1.0 5 8.0 8.0))
((5 9.0 9.0 9.0 9.0 5 1.0 7) (5 9.0 9.0 5 5 7 5 7 9.0 1.0 9.0 9.0))
((9.0 e 8.0 8.0) (8.0 9.0 8.0 8.0 8.0 e 8.0 e 8.0 8.0 8.0 8.0 e e 8.0 9.0 9.0))
((9.0 9.0 6 e 9.0) (e 9.0 e 9.0 9.0 e 6 9.0 9.0 e 6 6 6 9.0))
((3.0 1.0 5 6 5) (3.0 5 5 5 5 6 5 5 1.0 5 6 5 5 6))
((1.0 5 1.0 e 1.0 7) (e 1.0 5 7 1.0 7 e 1.0 7 1.0 1.0 1.0))
((7 e 9.0 e 9.0 1.0 2 5 5) (9.0 9.0 2 9.0 e e 1.0 5 9.0 5 1.0 e 1.0 7 9.0))
((1.0 1.0 1.0 e) (1.0 1.0 1.0 e 1.0 e 1.0))
((1.0 2 1.0 6 1.0 6 9.0 6 8.0 1.0 1.0 5) (6 1.0 1.0 1.0 1.0 1.0 1.0 8.0 1.0 2 1.0 6 1.0 1.0 5 1.0 6 1.0 1.0 1.0 1.0 9.0 9.0 5 5 1.0 9.0 1.0))
((0 9.0) (0 9.0 9.0))
((5 2 0 1.0 1.0 2 8.0 8.0 3.0) (3.0 3.0 8.0 2 2 0 0 2 2 5 8.0 3.0 0 1.0 3.0 1.0 2))
((2 6 6 6) (6 2 6 6 6 6 2 6))
((e 0 3.0 7 2) (0 3.0 3.0 2 2 7 e 0 3.0 0 3.0))
((9.0 2 8.0 2 3.0 1.0 0 7 6 1.0) (2 1.0 3.0 2 1.0 1.0 6 8.0 3.0 7 2 1.0 8.0 8.0 1.0 0 1.0 1.0 2 7 9.0))
((0 5 5 0 8.0 1.0 1.0 0 5 0) (8.0 0 0 5 0 0 5 8.0 0 0 5 1.0 5 8.0 1.0 0 0 5 0 0 5 1.0 1.0 0))
((3.0) (3.0))
((1.0 2 3.0 2 1.0 1.0 8.0 8.0) (3.0 3.0 1.0 8.0 1.0 1.0 1.0 8.0 2 2 8.0 8.0))
((8.0 0 8.0 9.0 8.0 8.0 0 0 6 1.0 3.0 8.0) (0 0 0 6 8.0 8.0 6 9.0 0 8.0 6 0 3.0 8.0 1.0 6 6 0 8.0 8.0 9.0 8.0 9.0 6))
((6 7 7 8.0) (7 8.0 7 6 6 6 6 6 7 7))
((9.0 8.0 5 9.0 8.0 9.0 9.0 8.0) (8.0 8.0 5 9.0 8.0 9.0 9.0 8.0 8.0 9.0 8.0 8.0))
((3.0 7 3.0 7) (7 3.0 3.0 7 3.0 7 3.0 3.0))
((5 9.0) (9.0 5 9.0 9.0 9.0 9.0 9.0 9.0))
((3.0 3.0 3.0) (3.0 3.0 3.0 3.0 3.0 3.0))
((e 7 0 e 6 6) (6 e 7 0 e e 6 7 6))
((1.0 1.0 9.0 e e 1.0 8.0 e) (e 8.0 1.0 9.0 1.0 e 9.0 9.0 e 1.0 1.0 e))
(() ())
((5 2 2 0 0 7 1.0) (5 2 5 0 7 1.0 5 5 0 2 1.0 5 0))
((2 0 3.0 0 1.0 2 2 3.0 2) (2 3.0 3.0 2 3.0 3.0 2 2 0 2 2 3.0 1.0 2 2 2 2 2 3.0 2 2 2 0 2 2 2 2))
((5 5 8.0 5) (5 5 8.0 5 5))
((e 7 9.0 3.0 9.0 9.0 7 e 9.0 9.0 5 6) (7 e 3.0 9.0 9.0 9.0 e 9.0 e 7 9.0 7 7 7 9.0 9.0 9.0 7 7 6 9.0 7 9.0 5 9.0))
((7 7 8.0 0 0) (8.0 0 0 7 0 7))
((6 6 3.0 6 6 1.0 6 0 6 5 9.0 3.0 9.0 1.0) (3.0 9.0 6 6 9.0 3.0 6 6 1.0 6 1.0 6 5 3.0 9.0 6 6 6 6 6 9.0 0 0 1.0 9.0 0 6 6 6 6 5 6))
((e 9.0) (9.0 e 9.0 e))
(() ())
((5 e e e) (e e 5 e e e e 5))
((8.0 5 3.0 8.0 7 5 9.0 0 5 0 3.0 7 2 0 5 0 7) (5 7 3.0 0 5 8.0 0 3.0 0 0 7 7 7 3.0 0 9.0 2 3.0 7 0 0 0 5 3.0 2 8.0 9.0 7 0 0 5 5))
((e e 9.0 e 9.0) (9.0 e 9.0 e e e e 9.0 e 9.0 e e 9.0 9.0))
((2 0 6 1.0 0 2 3.0 1.0 e) (3.0 6 1.0 e 6 2 0 6 2 e 1.0 2 1.0 1.0 0 1.0 1.0 6 1.0))
((7 e 7 7 7 7 7 7 9.0 7 e 2 7 e 7 9.0 7 7 7 7 7 7 e 9.0 9.0 2 e 7 7 e) (7 9.0 7 7 7 7 7 7 7 7 7 2 7 7 e 7 7 9.0 7 7 7 e 7 7 7 7 7 7 7 7 7 e e 7 7 7 e 2 7 9.0 9.0 7 7 e e e e 7 9.0 2 7 7 7 7 7 e 7))
(() ())
(() ())
((1.0 7 9.0 7 1.0 6 3.0 1.0 7 8.0 6) (1.0 1.0 1.0 1.0 7 1.0 1.0 1.0 1.0 6 9.0 6 9.0 8.0 7 7 3.0))
((6 6 6 9.0 6 9.0 9.0 6 6 7 3.0) (6 9.0 6 7 6 6 6 6 7 9.0 6 6 9.0 7 6 6 6 6 6 3.0 3.0 6 6 6))
((7 7 8.0 3.0 2 3.0 7 7 9.0 3.0 3.0 2 7) (3.0 3.0 3.0 7 7 9.0 7 7 3.0 7 3.0 9.0 7 2 2 7 9.0 9.0 3.0 3.0 8.0 8.0 7 3.0 8.0 9.0))
((5 e e 8.0 e 5 e e e) (e e e 5 5 e e e e 5 e 5 e e 5 e 5 5 e e e e 8.0 e e 5 e))
((5 2 2 5 2 2 5 7 9.0 2 7) (2 7 2 2 7 7 2 2 2 7 7 2 5 2 9.0 5 5 2 5 2 2 5))
((e) (e))
((6 6 5 6 0 0 6 6 6 5 6 5) (5 5 6 0 6 5 6 5 6 6 6 6 6 6 6 6 6 5 6 6 6 0 5))
((5 2 2 2 1.0 8.0 2 e 2 8.0 5 5) (2 2 e 2 5 8.0 e 5 5 5 5 5 1.0 5 8.0 2 5 1.0 1.0 2 8.0 e 2 2 5 e 2 2))
((8.0 3.0 8.0 0 3.0 3.0 8.0 8.0 5) (8.0 8.0 0 8.0 8.0 8.0 8.0 8.0 8.0 3.0 8.0 5 3.0 8.0 5 3.0 8.0 5 3.0 5 5 8.0 3.0 8.0 8.0 8.0))
((3.0) (3.0))
((7 7 7 7) (7 7 7 7 7 7 7))
((0 0 8.0 8.0 8.0 0) (0 8.0 0 8.0 8.0 8.0 0))
(() ())
((9.0 e 1.0) (e 9.0 1.0 9.0 9.0 9.0))
((7 8.0 9.0 8.0 2) (8.0 2 8.0 2 8.0 8.0 8.0 2 7 2 9.0))
((0 5 5 5) (0 5 0 5 5 5 5 5 0))
(() ())
((5 3.0) (3.0 5))
((0 1.0 2) (0 0 0 2 0 1.0))
((6 1.0 2 8.0 8.0 1.0 8.0 9.0 9.0 9.0) (2 9.0 9.0 1.0 8.0 8.0 9.0 1.0 1.0 2 9.0 8.0 9.0 1.0 9.0 6 9.0))
((2 0 2 2 e 3.0) (3.0 0 e 3.0 e 0 2 2 0 2))
((7 7 7 e 7 5 7 3.0 7 2) (7 7 2 5 7 7 7 7 e 3.0 5 5 5 7 7 e 7 7 7 7))
((2 1.0 5) (1.0 2 1.0 1.0 2 1.0 5 2 2))
((9.0 9.0 1.0 0 3.0 9.0 0 3.0 2) (2 0 9.0 1.0 9.0 0 1.0 9.0 1.0 9.0 3.0 9.0 9.0 3.0))
((7 6 3.0 7 6 6 6 6 0 8.0 5 6 6) (6 6 0 6 6 5 6 7 6 6 7 5 3.0 6 6 6 6 6 8.0 6))
((2 2 2 9.0 7 2 2 2 2 2 8.0 6 6 6 0 1.0) (2 7 2 8.0 0 1.0 6 2 2 2 2 2 9.0 2 2 2 2 2 6 2 2 2 2 7 6 2 0))
((7 7 7) (7 7 7 7 7 7 7 7))
((7 6 2 7 1.0 8.0 8.0 5 2 6 0 7) (6 7 8.0 8.0 2 2 8.0 7 8.0 0 0 5 7 6 6 1.0 8.0 8.0 6 7 8.0))
((3.0 3.0 1.0 e) (3.0 3.0 1.0 3.0 1.0 3.0 3.0 e))
((6 6 8.0 7 6 9.0 6) (8.0 6 6 6 9.0 6 7 6 6 8.0))
((8.0 6 7 6 6 9.0 2 0 8.0) (2 9.0 8.0 0 6 8.0 2 6 0 8.0 9.0 7 6))
((8.0 8.0 8.0 1.0 9.0) (9.0 8.0 8.0 8.0 1.0))
((7 e 9.0 e 2) (7 e 2 9.0 9.0 2 e 9.0 2 e))
((0 0) (0 0 0 0 0))
((7 2 5 7 7 2 3.0 8.0 0) (5 7 2 7 2 3.0 3.0 7 8.0 2 0 5 7 8.0 3.0 3.0 7 7 8.0 7))
((6 e e 1.0 e 6 0 2 6) (0 e e e 1.0 1.0 6 e e 1.0 e 6 0 e e 2 6 e e 6 e))
((2 e 1.0 3.0 3.0 6 2 2 6 7 3.0 2) (2 1.0 e 6 e 3.0 2 2 2 2 2 3.0 7 7 e 3.0 2 2 3.0 2 6 2 3.0 3.0))
((e 8.0 7 8.0 8.0 e 8.0 8.0 5 8.0 5) (8.0 8.0 8.0 5 e 8.0 7 e 5 5 8.0 8.0 7 8.0 8.0 8.0 5))
((e 2 e e 1.0 e 7 3.0 e 1.0 1.0 5 e 6 1.0 5 6 6 6 e e 7 1.0 1.0) (e 5 e 5 e e e e 6 e e 1.0 1.0 1.0 5 1.0 e 1.0 7 e 1.0 e 1.0 6 1.0 6 6 1.0 2 e e 1.0 6 1.0 7 e e e 5 e e e e 1.0 1.0 e 3.0 1.0 e 1.0 e e 5 e 6 e e 3.0))
((2 0 7 1.0 2 9.0 2 2 1.0 2) (2 7 7 7 1.0 2 0 2 2 9.0 2 0 1.0 2 7))
((3.0 e 7 6) (e 3.0 e 6 e 3.0 7))
((e 5 5 5 5 e 9.0 5 e 9.0 5 5 9.0) (5 9.0 5 5 9.0 5 9.0 5 e 9.0 5 e 5 e 5 5 5 9.0 e 5))
((7 e 6 e 9.0 0 0 5) (0 7 0 6 5 9.0 0 e e 7 9.0 9.0 0))
((3.0 2 2 6 e 2 3.0) (2 6 6 3.0 3.0 2 3.0 2 2 2 3.0 2 2 3.0 2 2 e 3.0 3.0 2 2))
((e 7 1.0 0 e 3.0 5 e) (7 3.0 1.0 e 7 7 5 0 e 1.0 3.0 7 3.0 3.0 e 5 0))
((1.0 6 1.0 0 6 0) (1.0 0 0 0 0 1.0 0 6 0 1.0 6 6 6 6 6))
((7 3.0 2 2 0 1.0 7) (0 2 7 0 2 2 1.0 1.0 7 3.0 2 2 7 7 1.0 2 7 2 2 7))
((8.0 5 8.0 6 8.0 1.0 0) (8.0 0 8.0 1.0 6 1.0 5 0 5 8.0))
((9.0 9.0 8.0 6 5 8.0 8.0 9.0 8.0) (8.0 8.0 8.0 8.0 8.0 6 8.0 8.0 8.0 8.0 8.0 9.0 9.0 8.0 9.0 9.0 8.0 9.0 5 9.0))
((9.0 1.0 1.0) (1.0 1.0 1.0 1.0 9.0))
(() ())
((7 2 3.0 0 8.0 2 8.0 5 1.0) (7 8.0 8.0 2 5 2 3.0 7 8.0 2 8.0 1.0 5 8.0 0 8.0 7 8.0))
((1.0 6 e 0 0) (6 0 0 e 6 1.0 e 0 0 0 6))
((e e 5 5 5) (5 5 5 e 5 5 e e 5 5))
((e 6 9.0 1.0 1.0 9.0 8.0 e 9.0 9.0) (e 9.0 e 6 6 9.0 1.0 8.0 8.0 1.0 1.0 9.0 9.0 6 9.0))
((1.0 3.0 3.0 2 3.0 3.0 e 3.0 3.0 6) (3.0 2 e 1.0 e e 3.0 e 3.0 3.0 e 3.0 3.0 3.0 3.0 6 3.0 e 3.0 e))
((3.0 e 0) (e e 3.0 0))
((e 0 0 0 8.0) (0 0 0 0 0 8.0 e 0))
((2 e e 6 e 3.0 3.0 0 8.0 3.0 8.0 3.0 3.0 2 7) (6 6 3.0 3.0 3.0 7 8.0 e 3.0 3.0 6 8.0 3.0 e 3.0 3.0 3.0 2 e 0 2 3.0))
((2 6 8.0 e 3.0 e 7 e) (3.0 3.0 2 e 8.0 2 7 2 e e e 6))
((6 6 5 6 5 1.0 5 6 7 6 3.0 0 3.0) (3.0 5 0 6 3.0 3.0 3.0 5 5 3.0 6 6 1.0 3.0 6 6 0 6 7 6))
((7 2 9.0 1.0 7 0 7 5 1.0 1.0 7 1.0) (2 1.0 7 0 1.0 7 0 7 1.0 0 7 7 9.0 1.0 7 5 7 1.0 7 7 7 7 5 2))
((0 0 6 3.0 8.0 0 8.0) (0 3.0 0 8.0 8.0 6 6 6 0 6 6))
((5 3.0 3.0) (5 3.0 3.0))
((3.0 e 6 3.0 6 3.0 e 1.0) (3.0 e e 6 e 3.0 1.0 6 1.0 3.0 1.0))
(() ())
((5) (5 5 5 5 5 5 5))
(() ())
((8.0 2 6 2 6 2) (6 2 8.0 6 2 6 2 8.0 6 2 2 6 6))
((5 6 7 3.0 e 9.0 5 7 8.0 1.0 9.0 6 6 8.0) (6 6 6 5 8.0 7 1.0 1.0 5 6 8.0 5 9.0 e 7 9.0 5 3.0 6 9.0 5 1.0 7 6 3.0))
((6 1.0 6 6 1.0) (1.0 1.0 1.0 6 6 1.0 1.0 6 1.0 6))
((3.0 3.0 6 e 1.0 9.0 3.0 e 0 1.0) (6 1.0 e e 3.0 9.0 9.0 9.0 9.0 e 1.0 3.0 3.0 3.0 0 0 1.0 e e 9.0 9.0 e e))
((9.0 9.0) (9.0 9.0 9.0 9.0 9.0))
((7 9.0) (9.0 7))
((6 9.0 6 9.0 9.0 1.0 0 5 5) (0 1.0 0 0 6 6 9.0 5 9.0 9.0 6 1.0 5 6 5 9.0 9.0))
((e 5 7 e e 5 1.0 6 e 1.0) (6 e 1.0 e 6 5 e e 1.0 5 6 e 6 7 6 e 6 e 1.0))
((6 7 0 7) (0 7 6 7 0 7 0 7 7 7 7 6 7 7))
((2 6 9.0) (6 9.0 2))
(() ())
((1.0 e 2 1.0 0 1.0 7 e 2 8.0 1.0 5 1.0) (8.0 e 1.0 1.0 1.0 e 7 2 5 5 1.0 0 1.0 5 1.0 1.0 2 e 5 5 2 7 0 0 0 2 2 1.0))
((0 7 8.0 0 e 7 7 0 0 9.0 3.0 2 9.0 3.0 8.0) (2 3.0 e 8.0 9.0 8.0 0 8.0 7 e 9.0 7 0 0 0 7 e 8.0 0 9.0 3.0 2 3.0 8.0 0 0 8.0))
((2) (2 2))
((2 6 8.0 0 6 7 e 7 e 1.0 0 6 0 5 5 6) (e 6 1.0 e 7 5 5 2 6 0 7 5 0 7 6 6 7 7 8.0 e 0 6))
((1.0 3.0 0 9.0 1.0 1.0 6 6 6 3.0) (1.0 1.0 0 0 1.0 3.0 6 6 0 1.0 1.0 9.0 1.0 3.0 0 3.0 3.0 3.0 3.0 3.0 6))
((6 7 7 0 7 7 7 6 3.0) (7 7 6 7 7 7 3.0 7 6 7 7 0 7 7))
((7 0 9.0 9.0 1.0 5 5) (0 9.0 5 1.0 1.0 5 9.0 9.0 7 5))
((0 2 9.0 5 3.0 0 3.0 5 2 e) (3.0 0 0 3.0 9.0 9.0 5 e 9.0 5 3.0 0 2 9.0 2))
((e 9.0 1.0 6 6 8.0 8.0 8.0 6 2 3.0 1.0 1.0 1.0 6 1.0 6 9.0 6) (1.0 6 6 1.0 1.0 9.0 1.0 8.0 8.0 6 1.0 6 6 8.0 8.0 6 8.0 8.0 8.0 1.0 2 8.0 3.0 1.0 8.0 6 e 1.0 1.0 6 2 8.0 6 8.0 6 2 8.0 6 1.0 9.0 9.0 1.0 1.0 1.0 6 6 6 6 6 9.0 6))
((5 5 5) (5 5 5 5))
((2 0 9.0 0 2 8.0 3.0 6) (2 9.0 8.0 2 8.0 3.0 2 6 2 2 0 2 2 9.0 9.0 2 0 2 2 0 6))
((0 1.0 6 3.0 1.0 e 5 0 1.0 0) (3.0 1.0 6 3.0 e 0 0 0 1.0 3.0 6 0 5 1.0))
(() ())
((2 1.0 2 6 3.0 1.0 1.0 8.0) (2 1.0 6 2 2 1.0 3.0 1.0 1.0 6 1.0 6 1.0 1.0 8.0 1.0 8.0 1.0 1.0 1.0 6))
((3.0 5 0 3.0 2 2 8.0 e 8.0 e 6 2 9.0) (2 2 2 8.0 9.0 6 2 9.0 8.0 5 9.0 e e 2 5 0 8.0 2 3.0 5 3.0 2 2 e 2 e 2 e 3.0))
((1.0 2 e 3.0 3.0 1.0 2 3.0 3.0 3.0 e 6 e e 7) (3.0 1.0 6 1.0 6 e 3.0 2 e 3.0 3.0 e 3.0 3.0 1.0 1.0 6 3.0 1.0 1.0 e 1.0 7 2 2 e 3.0 6 3.0 e 6 3.0 e 6 2 6 e e))
((0 9.0 9.0 9.0 9.0 9.0 0 7 9.0 5 6 5 9.0 8.0 2 9.0) (5 9.0 9.0 9.0 9.0 6 9.0 9.0 2 2 9.0 9.0 9.0 9.0 9.0 0 9.0 7 9.0 6 9.0 5 2 9.0 8.0 9.0 9.0 9.0 9.0 9.0 9.0 5 0 9.0 5 9.0 5 9.0 9.0 9.0 9.0))
((0 0 e e 1.0 8.0 0 1.0 0 e) (0 0 8.0 e 1.0 0 1.0 8.0 0 e 0 1.0 0 8.0 e 1.0 0 e 0))
((3.0 3.0 1.0 3.0 3.0 3.0 e 5 3.0 1.0 3.0 6 3.0) (3.0 3.0 5 1.0 3.0 3.0 3.0 3.0 6 e 1.0 3.0 3.0 3.0 e 1.0 3.0 3.0 1.0 1.0 e 3.0 3.0 3.0 3.0 3.0 1.0 3.0))
((3.0 2 2 2 5 3.0 9.0) (3.0 9.0 2 2 5 5 2 5 2 2 2 3.0))
((1.0 1.0 e 0 5 8.0 6 0 5 5 0) (0 1.0 8.0 5 5 0 0 5 5 0 6 5 5 0 5 5 5 5 1.0 e 1.0 5 0))
((5 7 e 2 2 6 9.0 1.0 e e) (1.0 6 6 7 5 6 5 e 9.0 5 6 e 1.0 5 7 6 2 2 2 e e 1.0 5 e 5 5 5 1.0))
((3.0 3.0 3.0 3.0) (3.0 3.0 3.0 3.0 3.0 3.0 3.0 3.0 3.0))
(() ())
((e 5 e e 3.0 e 3.0 6 e) (e e 3.0 e e e e 5 e e e 3.0 3.0 6 e e e e 3.0 e))
((1.0 3.0 3.0 5 3.0) (3.0 5 1.0 3.0 3.0 5 3.0 1.0 3.0 3.0 3.0 1.0 3.0))
((5 2 3.0 9.0 e 3.0 0) (5 3.0 3.0 3.0 5 3.0 3.0 9.0 3.0 3.0 3.0 3.0 9.0 2 0 9.0 3.0 2 0 e 9.0 9.0))
((3.0) (3.0 3.0))
((e 9.0 9.0 1.0 9.0 7 5 1.0 8.0) (9.0 1.0 9.0 7 8.0 9.0 1.0 1.0 7 5 7 8.0 1.0 9.0 1.0 e 8.0 7 9.0 9.0 9.0))
((6 8.0 7 3.0 e 8.0 2 8.0 8.0 3.0 6 6 6 2 6 6 6 6 8.0) (3.0 8.0 3.0 2 6 6 6 8.0 7 6 6 2 e 6 8.0 8.0 6 3.0 8.0 8.0 6 6 8.0 8.0 8.0 6 6 6 6 8.0 6 6 6 6 6 6 6 6))
((2 9.0 3.0 0 e 2 3.0 7 2) (3.0 9.0 2 0 e 2 0 2 2 2 3.0 2 2 7 0 3.0 3.0 0 0))
((7 6 9.0 6 1.0 3.0 6) (6 6 7 6 7 9.0 6 6 6 6 6 3.0 7 6 6 6 1.0 6 3.0))
((6 7 e) (e 7 6 7 e))
((6 7 6) (6 6 7 6 6 6 7))
((5 0 9.0 7 e 0 5 2 2 2 5 2 2) (2 5 2 5 2 e 2 2 5 0 2 2 2 2 2 2 2 2 7 9.0 5 2 0 5))
((0 6 3.0 8.0 8.0 2 6 8.0 9.0 0 7 0) (3.0 2 8.0 8.0 8.0 0 0 0 9.0 0 8.0 7 6 9.0 0 6 9.0 0))
((2 2 9.0) (2 9.0 2 2 2))
((0 0 e) (e 0 0 0 e 0 0 0))
((e 1.0 2 7 1.0 e 2 8.0 9.0 0) (e 7 7 0 2 e 9.0 2 1.0 2 7 e 7 1.0 8.0 e))
((7 5 0 2 5 3.0 9.0) (3.0 9.0 0 0 3.0 2 5 0 7 5 0 2 3.0))
((9.0 0 8.0 0 7 8.0 7) (8.0 0 7 8.0 0 9.0 0 7 0 8.0 8.0 0 0 0 7))
((3.0 5 3.0 3.0 3.0 3.0) (3.0 3.0 5 5 3.0 3.0 3.0 3.0 3.0 3.0))
(() ())
((6 3.0 5 0 6 6 8.0 5) (8.0 5 6 6 8.0 3.0 5 8.0 3.0 6 5 0 5 3.0 5 6))
(() ())
((7 7 7 3.0) (7 3.0 7 7 7 7 7 7))
((8.0 e 1.0 3.0 9.0 9.0 e e) (1.0 e 9.0 9.0 1.0 9.0 9.0 e 9.0 e 3.0 1.0 1.0 e 9.0 8.0))
((6 6 0) (0 0 6 0 0 6 6))
((0 7 9.0 e 9.0 7 e 7 3.0 9.0) (e 3.0 0 9.0 7 9.0 7 3.0 7 7 9.0 e 9.0))
((6 3.0 2 6 6 3.0 1.0 3.0 9.0 5 7) (6 5 3.0 1.0 2 3.0 9.0 7 7 3.0 9.0 2 7 6 3.0 6 6 6 7 9.0 3.0 9.0))
((9.0 9.0 2 2 2 2 1.0 7 2 8.0 8.0 7) (7 2 2 8.0 8.0 2 8.0 2 2 2 9.0 8.0 9.0 9.0 2 9.0 2 2 8.0 8.0 8.0 1.0 7 2))
((3.0 3.0 3.0 3.0 5 3.0 3.0 5 7 3.0) (3.0 3.0 5 3.0 5 3.0 3.0 5 3.0 3.0 5 3.0 7 3.0 3.0 3.0 3.0 3.0 5 3.0))
(() ())
(() ())
((0) (0))
((5 9.0 6 9.0 6) (5 6 9.0 9.0 5 6 9.0))
(() ())
((3.0 3.0 0 3.0) (3.0 3.0 3.0 0 0 0 0))
(() ())
(() ())
((7 9.0 7 5 8.0 9.0) (8.0 5 7 7 9.0 7 9.0 9.0 8.0 8.0 8.0))
((e 6 6 6 6 1.0) (6 e 6 6 1.0 1.0 6))
((5 6 5 1.0) (6 5 1.0 1.0 5))
((5 5 3.0 5 3.0 3.0 3.0 3.0 3.0 5) (3.0 3.0 3.0 5 3.0 3.0 5 5 5 3.0 5 3.0 5 3.0 3.0 5 3.0 3.0 3.0 3.0))
((6) (6 6 6 6 6))
((5) (5))
(() ())
((1.0 1.0 1.0 1.0) (1.0 1.0 1.0 1.0 1.0 1.0))
((9.0 9.0 5 e 9.0 3.0 9.0 8.0 9.0 1.0 e 1.0) (8.0 5 e e 9.0 9.0 9.0 9.0 3.0 9.0 3.0 9.0 9.0 1.0 1.0 1.0 e 1.0 9.0 3.0 1.0 1.0 e))
((e 5) (5 e 5))
((8.0 1.0 8.0 8.0 7 8.0 1.0 8.0) (8.0 7 8.0 7 8.0 8.0 8.0 1.0 8.0 1.0 8.0 8.0 1.0 7 1.0 1.0 8.0 8.0 8.0 1.0 1.0 8.0))
((0 e) (0 e))
((3.0 2) (2 3.0))
((1.0 1.0 1.0 8.0) (1.0 1.0 1.0 1.0 1.0 1.0 1.0 8.0 1.0))
((8.0 e e e 8.0 8.0 8.0) (8.0 e e 8.0 e 8.0 8.0 8.0 8.0 8.0 e 8.0))
((5 2 e 5 1.0 9.0) (1.0 9.0 5 e 5 9.0 2 5 9.0 e))
((1.0 7 3.0) (1.0 7 3.0 3.0 7 7 3.0))
((6 0 7 5 0 0 0) (0 5 0 0 0 6 0 7 7 0 7 0 0))
((1.0) (1.0 1.0 1.0))
(() ())
((9.0 5 5) (5 5 5 5 9.0 5))
((5 6 7 2 1.0 1.0 7 5 5 1.0) (7 7 5 1.0 5 1.0 5 1.0 1.0 2 6 5 7))
((7 e 3.0 8.0 8.0 2 6 9.0) (e 8.0 3.0 e 8.0 6 6 8.0 7 8.0 2 9.0 9.0))
((9.0 e 5 8.0 5 7 3.0) (7 7 e 9.0 5 7 5 5 e 7 7 5 3.0 8.0 8.0 9.0 e 7 e 5 7 5 7 e))
((1.0 9.0 2 3.0 1.0 1.0 3.0 8.0 1.0 1.0 3.0 2 5) (1.0 3.0 1.0 9.0 1.0 1.0 8.0 5 3.0 1.0 1.0 2 1.0 3.0 3.0 3.0 1.0 3.0 1.0 9.0 9.0 1.0 3.0 1.0 2 1.0 2 3.0 1.0 2))
((6 2 6 6 1.0) (6 6 6 6 2 1.0 6))
((8.0 5 3.0 1.0 8.0 5 3.0 8.0) (3.0 8.0 1.0 5 8.0 8.0 8.0 3.0 8.0 5 3.0 3.0))
((5 7 5 5) (5 5 5 5 7 5 5 5 5))
((5 7 5 6 3.0 6 5 0 2) (2 7 5 0 6 5 5 5 6 3.0 5 3.0 7 5 6))
((e 0 1.0 1.0 2 0 5 9.0 2 e e 5 5 0 1.0 0 2) (2 2 5 e 0 2 1.0 0 0 2 1.0 2 1.0 0 5 2 1.0 1.0 5 2 9.0 0 e 0 e 0 5 0 0 e))
((5 7) (7 7 5))
((e) (e e))
((7 3.0 1.0 3.0 3.0) (3.0 3.0 7 3.0 3.0 3.0 7 3.0 7 3.0 1.0 3.0))
((e 6 e 6 6 6) (6 6 6 6 6 e e 6 6 6))
((0 8.0 6 8.0 1.0 8.0 8.0 6 e) (6 8.0 1.0 6 8.0 e 6 8.0 0 8.0 8.0 6 1.0 6))
((0 2 0 e e 7 2 3.0 6 0 6 0 6 3.0 0 0 9.0 e 2 e 0 0) (e 2 6 6 e 6 0 3.0 0 e e 2 e 2 0 2 7 9.0 0 e 3.0 0 2 6 6 e 0 3.0 6 0 3.0 2 6 0 6 0 9.0 0))
((2 2 7 9.0 3.0) (9.0 7 3.0 2 2 2 2 3.0 3.0 3.0 2 3.0 3.0))
((5 e 7 7 e e 9.0 5 1.0 7 6 1.0 8.0) (9.0 7 e 7 5 1.0 5 7 6 7 7 e e e 9.0 7 5 9.0 7 8.0 9.0 1.0 e))
((8.0 8.0 8.0 2 8.0 2 8.0 2 2 2 2 2 8.0 2 2 8.0 e) (2 2 8.0 8.0 e 8.0 8.0 2 2 8.0 2 8.0 8.0 2 2 8.0 8.0 2 2 2 8.0 2 8.0 2 8.0 2 2 2 e 2))
(() ())
((7 7 9.0 3.0 2 2 7 8.0 7 5) (2 5 2 7 7 2 9.0 8.0 7 7 7 2 7 7 7 5 9.0 7 7 3.0 7 7 9.0 7 7))
((e 3.0 3.0 9.0 3.0 e) (9.0 9.0 e 3.0 3.0 e 3.0 3.0 9.0))
((1.0 1.0) (1.0 1.0))
((3.0 3.0 0 0 7 6 3.0 2 0 0 0 7) (6 0 7 3.0 2 0 0 0 6 6 0 0 0 7 6 0 0 6 0 7 3.0 2 6 6 0 3.0 0))
((0 e) (e 0 e e))
((3.0 9.0) (3.0 3.0 9.0 9.0))
((9.0 2 9.0 9.0 8.0 8.0 1.0 9.0 9.0) (9.0 9.0 9.0 9.0 1.0 9.0 8.0 9.0 9.0 9.0 9.0 9.0 2 9.0 8.0))
((1.0 1.0 1.0 6 1.0 6 6 2 1.0 1.0) (6 1.0 6 2 6 1.0 6 1.0 2 2 6 1.0 2 6 1.0 6 2 1.0 1.0 1.0 6))
((8.0 5 5 5 8.0) (5 5 8.0 8.0 5 8.0 5 5 8.0))
((9.0 9.0) (9.0 9.0 9.0))
((7 1.0 8.0 0 0 7 3.0 1.0 7 1.0) (8.0 1.0 7 0 3.0 1.0 7 0 1.0 7 7 1.0 7 0 1.0 7 1.0))
((6 7 7 6 5 1.0 3.0 3.0 5 1.0 0) (6 7 5 7 1.0 3.0 0 1.0 5 3.0 7 1.0 6 7 6 6 3.0))
((2 9.0 9.0 3.0 6 9.0 0 0 7 9.0 0 3.0 9.0) (2 7 3.0 9.0 9.0 7 9.0 9.0 7 9.0 9.0 9.0 6 2 9.0 0 0 0 7 3.0 0 2 9.0 9.0 0 2 0 2))
((9.0 6 9.0 1.0 2 3.0 3.0) (3.0 9.0 9.0 3.0 9.0 6 6 9.0 9.0 3.0 1.0 9.0 2))
((7 e 5 7 e 5 8.0 8.0 3.0 e 1.0 3.0 7 1.0 5 2) (1.0 7 7 1.0 3.0 5 5 e 8.0 3.0 7 1.0 8.0 e 1.0 3.0 5 7 5 1.0 2 e e 1.0 7 7 7 2 e 7 3.0 7 1.0 1.0 e e 5 2 7 7))
((8.0 3.0 5 6 8.0 6) (8.0 6 3.0 8.0 8.0 6 8.0 5 8.0 6 8.0 6 8.0 6))
((7 7) (7 7 7 7 7 7 7 7))
((0 9.0 2 1.0 1.0 9.0 9.0 7 1.0 7 3.0 7 8.0 9.0 3.0) (9.0 7 1.0 0 3.0 7 0 7 1.0 3.0 9.0 9.0 8.0 1.0 1.0 2 1.0 9.0 7 1.0 7 3.0 0 1.0 7 1.0 3.0 3.0 7 7 1.0 1.0 9.0))
((5 9.0) (5 5 9.0))
((8.0 6 8.0 8.0 6 e 8.0 3.0 6) (8.0 6 8.0 6 8.0 8.0 8.0 6 e 6 8.0 3.0 8.0 8.0))
((8.0 5 9.0 8.0 8.0 7 9.0 2 9.0 e 9.0 7 2) (e 7 9.0 2 7 9.0 8.0 2 2 8.0 5 2 9.0 8.0 2 9.0 8.0 8.0 2 7))
((e 1.0 1.0 1.0 e) (1.0 1.0 1.0 1.0 e e 1.0 1.0 e))
((e 2 7 3.0 1.0 3.0 2 6 1.0 3.0 9.0 2) (6 3.0 2 2 9.0 e 2 2 3.0 7 1.0 3.0 2 2 3.0 2 3.0 e 2 9.0 1.0 2 e 7 e 2 e e))
((0 1.0 1.0 1.0) (1.0 1.0 1.0 1.0 0 1.0 0 1.0 0 1.0 1.0 0 0))
((8.0 2 8.0 5 5 8.0 7 7 7) (7 2 5 7 7 8.0 7 5 5 7 8.0 8.0 7 8.0 7 8.0))
((9.0 9.0 0 0 9.0 9.0 0 0 0) (0 0 9.0 9.0 9.0 0 0 0 0 9.0 9.0 0 0 9.0 0 0 0 0))
((5 e e 7 6 5 5 e 9.0 e e) (9.0 5 e e 5 e e 5 e 5 e 7 e 5 5 9.0 e e 5 5 6))
((7 1.0 7 7) (1.0 7 7 7 7 7 7 7 7 7 7))
(() ())
((e e 6 5 2 9.0 9.0 7 e 5 e) (7 e 6 e 7 e 9.0 9.0 5 7 5 9.0 9.0 7 e 9.0 7 e 9.0 9.0 5 e 2 e 7))
((9.0 6 5 5 5 6 7 8.0 8.0 e 3.0 8.0 8.0 3.0 3.0) (3.0 7 3.0 3.0 8.0 3.0 9.0 6 3.0 3.0 3.0 5 3.0 7 5 3.0 8.0 8.0 5 3.0 6 9.0 e 9.0 3.0 7 3.0 9.0 9.0 5 8.0 9.0 8.0))
(() ())
((8.0 2 8.0 6 6 0 8.0 3.0) (3.0 8.0 6 3.0 6 3.0 3.0 8.0 8.0 6 3.0 8.0 6 0 8.0 8.0 2 8.0 3.0))
((0 2 1.0 0) (0 2 2 0 2 0 1.0 0 2))
((e 7 9.0 6 3.0 7 3.0 7 e 3.0 3.0 9.0 0 e) (7 0 0 0 e e 9.0 6 3.0 7 3.0 e 3.0 3.0 e 7 7 9.0 e 7 7 7 7 7 3.0 3.0 0 0 7))
((5 2 8.0 5 5 8.0 3.0 5 5 3.0 5 5 8.0 e) (5 5 3.0 8.0 3.0 5 5 5 e 3.0 3.0 5 3.0 5 5 5 5 5 8.0 5 3.0 3.0 2 5 8.0))
(() ())
((e 2 7 2 7 9.0 5 7 9.0 7 5 7) (5 9.0 e e 5 7 2 7 7 7 7 7 5 9.0 7 7 7 5 7 7 2 5))
(() ())
((2 2) (2 2))
((2 1.0) (1.0 2))
((8.0 e 8.0 8.0 8.0 1.0 8.0 2 8.0 8.0 1.0 1.0 1.0 5 9.0 8.0) (1.0 8.0 8.0 9.0 8.0 8.0 5 1.0 8.0 1.0 8.0 2 8.0 5 8.0 8.0 e 8.0 e 8.0 5 e 1.0 8.0 1.0 8.0 1.0 5 e 1.0))
((5 5 5) (5 5 5 5 5 5))
)
