(
((1.0 1.0) (6.0 6.0 6.0))
((2 2 2) (0.0))
((7.0 7.0) (0.0))
((1.0) (7.0))
((d) (4 4))
((0.0) (2))
((5 5) (2 2))
((d d) (1.0))
((5) (6.0))
((d) (1.0 1.0))
((2 2) (6.0))
((1.0) (0.0))
((8.0) (5 5))
((2) (1.0))
((7.0) (1.0))
((6.0) (2 2))
((4 4) (1.0))
((0.0 0.0) (7.0))
((1.0) (4))
((7.0) (2 2))
((2) (4))
((5) (9 9))
((7.0) (4 4))
((2) (5))
((5) (d d))
((d) (6.0))
((4) (1.0))
((1.0) (2))
((6.0) (2))
((9) (4))
((0.0) (9))
((6.0) (1.0))
((9) (5))
((8.0) (5))
((d d d d d) (1.0))
((5) (1.0))
((1.0 1.0) (7.0))
((5) (8.0))
((4) (6.0))
((0.0) (7.0))
((9) (2 2))
((2) (9))
((d d) (4 4))
((1.0) (0.0))
((9) (5))
((4 4) (9))
((0.0) (2 2 2))
((5) (7.0))
((0.0) (7.0))
((4) (2 2))
((5) (8.0))
((1.0 1.0 1.0) (7.0 7.0 7.0 7.0))
((d d) (5 5))
((d) (0.0 0.0 0.0))
((5) (7.0))
((1.0) (0.0 0.0))
((4 4) (6.0 6.0 6.0))
((8.0 8.0) (1.0))
((5) (1.0 1.0))
((9) (4))
((7.0) (0.0))
((4) (5))
((1.0) (5))
((5) (7.0))
((d) (7.0))
((0.0) (2))
((6.0) (1.0))
((7.0) (0.0 0.0))
((0.0 0.0 0.0) (7.0))
((8.0) (6.0))
((6.0 6.0 6.0) (0.0))
((2) (5))
((0.0) (1.0))
((5) (d d))
((6.0) (1.0))
((7.0) (d))
((d) (7.0))
((2) (5))
((6.0 6.0 6.0) (2 2))
((4) (1.0))
((7.0 7.0) (2))
((0.0) (4))
((5 5) (7.0))
((9) (5))
((d d d) (9 9))
((9) (5))
((9) (8.0 8.0 8.0))
((9) (1.0))
((5) (9))
((4) (0.0))
((d) (6.0 6.0))
((8.0 8.0) (7.0))
((d) (9))
((6.0) (7.0))
((1.0) (4))
((1.0) (4))
((5) (7.0))
((4) (1.0))
((5) (4))
((5) (7.0))
((2) (0.0 0.0))
((6.0) (5))
((7.0) (9 9))
((2) (9))
((1.0) (7.0))
((9) (2 2))
((5) (8.0))
((d) (6.0))
((0.0) (2))
((1.0 1.0) (6.0))
((0.0) (7.0))
((0.0) (7.0))
((5) (8.0))
((4) (6.0))
((d) (9))
((5) (0.0))
((1.0) (0.0))
((7.0) (d))
((2) (4))
((5) (0.0))
((4 4) (1.0))
((d d) (4 4))
((0.0) (1.0))
((4) (0.0 0.0))
((7.0 7.0) (8.0))
((0.0 0.0) (4))
((4) (0.0))
((4) (2 2))
((4) (9))
((d d) (9))
((9) (6.0))
((9) (8.0))
((0.0) (4))
((9) (7.0))
((2) (7.0))
((1.0) (6.0))
((7.0) (0.0))
((6.0) (2))
((2) (0.0))
((5) (8.0))
((1.0) (0.0))
((2) (5))
((2) (9))
((5) (4 4 4))
((2) (6.0))
((4) (5))
((5) (2))
((d d) (7.0))
((4) (8.0))
((d) (8.0))
((0.0) (4))
((0.0 0.0) (7.0))
((2 2) (6.0))
((8.0) (9 9 9))
((9) (0.0))
((0.0 0.0 0.0) (d))
((2) (1.0))
((5) (d))
((6.0) (4))
((6.0 6.0) (0.0))
((4) (0.0))
((9) (2 2))
((d) (6.0 6.0))
((5) (9))
((8.0) (5))
((8.0) (5))
((1.0 1.0 1.0) (0.0))
((8.0 8.0) (0.0))
((7.0) (d))
((7.0) (d))
((0.0) (6.0))
((2 2 2) (4 4))
((6.0) (9 9 9 9))
((5) (8.0 8.0))
((1.0) (d))
((8.0) (5))
((9) (4))
((7.0) (2))
((7.0) (d d d d d d))
((1.0) (5))
((d) (8.0))
((7.0) (d))
((2) (5))
((6.0) (5))
((1.0 1.0) (6.0))
((6.0) (d d))
((5) (8.0))
((8.0) (6.0))
((2 2 2) (d d d d))
((5) (0.0))
((4) (6.0 6.0))
((d) (0.0))
((4) (0.0))
((4) (8.0 8.0))
((8.0) (0.0 0.0))
((1.0 1.0 1.0) (6.0))
((0.0) (2))
((2) (9))
((2) (8.0 8.0))
((4) (6.0))
((5) (8.0))
((2) (6.0))
((1.0 1.0) (7.0))
((8.0) (7.0 7.0))
((9 9) (1.0 1.0 1.0))
((2) (d))
((d d) (0.0))
((9) (2 2))
((d) (6.0))
((5) (0.0))
((4) (d d))
((5 5 5) (8.0))
((0.0) (1.0))
((5) (7.0))
((9 9) (5 5 5 5))
((6.0) (0.0))
((2) (d))
((4) (d d d))
((5) (7.0))
((9) (2))
((2 2) (1.0))
((8.0) (2 2))
((8.0) (5))
((d) (4 4))
((0.0) (2))
((4) (2))
((4) (0.0))
((0.0) (1.0))
((d) (0.0))
((d) (6.0))
((d) (0.0))
((1.0) (0.0))
((d) (6.0))
((1.0) (5))
((4) (1.0))
((0.0) (4))
((7.0) (2))
((4) (8.0))
((d d d) (1.0))
((6.0 6.0) (1.0))
((9) (5))
((5) (9))
((1.0) (0.0))
((5) (9))
((5) (2))
((4) (1.0))
((6.0) (4))
((9) (7.0))
((0.0) (4 4))
((6.0) (5 5 5))
((1.0) (4))
((9) (2))
((1.0) (4))
((5) (2 2 2))
((8.0) (1.0 1.0))
((1.0 1.0) (8.0))
((8.0) (0.0))
((2) (5 5))
((6.0) (9))
((6.0) (9))
((2) (7.0))
((7.0 7.0) (6.0))
((9) (6.0 6.0))
((6.0) (2))
((2) (7.0))
((d) (6.0))
((4) (8.0))
((1.0) (d))
((2) (9))
((8.0 8.0) (0.0 0.0))
((5) (7.0))
((5) (8.0 8.0 8.0 8.0 8.0))
((2) (4 4))
((d d) (2))
((9) (7.0))
((1.0) (9 9))
((1.0) (9))
((5) (7.0))
((8.0) (4 4))
((0.0) (7.0))
((0.0) (5))
((4) (9))
((8.0) (0.0))
((9) (0.0))
((8.0) (7.0))
((7.0 7.0) (5))
((0.0) (d))
((1.0) (9))
((1.0) (4))
((5) (4))
((2) (6.0 6.0))
((d) (2))
((9) (1.0))
((2 2 2 2) (7.0))
((1.0) (2))
((4) (0.0))
((5) (8.0))
((1.0 9) (8.0 1.0))
((6.0 1.0 1.0 1.0) (6.0 d))
((9 7.0) (4 8.0))
((d 6.0 6.0) (8.0 9))
((6.0 4 6.0) (7.0 0.0 0.0 7.0))
((7.0 8.0) (7.0 4))
((2 6.0) (9 0.0))
((7.0 8.0) (4 9))
((0.0 7.0) (9 1.0))
((9 9 9) (7.0 d))
((1.0 8.0 1.0 1.0 1.0) (8.0 4))
((1.0 d 1.0 1.0) (4 4 4))
((9 2) (4 6.0 4))
((6.0 7.0) (d 4 4))
((2 1.0) (7.0 2))
((4 9) (7.0 9 7.0))
((6.0 2) (1.0 9))
((2 4) (7.0 7.0 2))
((7.0 5) (7.0 9))
((8.0 8.0 d) (8.0 5 5 5))
((9 6.0 9) (9 9 8.0))
((6.0 4 4) (5 5 4 5 5 4))
((8.0 0.0) (9 6.0))
((6.0 6.0 6.0 7.0) (9 1.0))
((1.0 5) (9 9 9 4))
((1.0) (5 1.0 5 1.0))
((0.0 1.0) (1.0 5))
((7.0 9) (6.0 8.0))
((0.0) (0.0 4))
((5 9) (4 0.0))
((d 0.0) (8.0 9 9))
((5) (8.0 9 8.0))
((2 8.0) (5 1.0))
((0.0 9) (0.0 8.0 0.0))
((d 0.0 0.0) (4))
((2 4) (4 6.0 4))
((4 1.0) (6.0 9))
((6.0 5) (8.0 1.0))
((9 6.0 6.0 6.0) (7.0 4))
((4) (1.0 1.0 0.0))
((1.0 9) (9 9 6.0))
((2 7.0) (d 6.0))
((1.0 6.0) (6.0 9))
((1.0 8.0) (5))
((8.0 0.0 0.0) (7.0 4))
((8.0 0.0 8.0 8.0) (2 2 9 2))
((9 1.0) (7.0 8.0))
((6.0 6.0 5) (2 2 0.0))
((0.0 8.0) (5 4))
((5 0.0) (9 1.0))
((d 9 d) (9))
((5 2) (9 5 9))
((6.0 4 6.0 6.0 4) (8.0 6.0))
((8.0 6.0) (4 4))
((0.0 2) (7.0 7.0 d))
((d 9) (d 8.0 8.0 d))
((2) (5 2))
((7.0 5) (6.0 5 6.0))
((4 8.0) (9 0.0 0.0))
((8.0 5) (6.0 6.0 0.0))
((8.0 2) (6.0))
((1.0 6.0 6.0) (6.0 d))
((8.0) (d 8.0))
((d 0.0) (6.0 4))
((d 7.0) (4 4 6.0))
((7.0 2 2) (5 4))
((8.0 1.0) (5 5 5 4))
((8.0 5) (0.0 0.0 9))
((8.0 6.0) (4 5))
((2 0.0) (1.0 6.0))
((d) (6.0 5))
((6.0 4 4 4) (6.0 6.0 d))
((1.0 9) (6.0 7.0))
((1.0 5) (7.0 7.0))
((1.0 7.0) (8.0 5))
((2 6.0) (d 6.0 d))
((4 9) (9 9 2))
((d 4 d) (7.0 7.0 9))
((7.0 d) (6.0 8.0))
((5 1.0) (4 0.0))
((0.0 1.0) (6.0 d))
((4 1.0 1.0 1.0) (9 4 9 4 9 4))
((2 d) (8.0 6.0))
((1.0 1.0 8.0) (0.0 9 0.0))
((6.0 1.0) (5 7.0))
((7.0 9) (8.0))
((1.0 8.0 1.0) (6.0 8.0))
((7.0 4) (8.0 7.0 8.0 8.0 8.0))
((6.0 2) (4 5 5))
((1.0 4) (8.0 7.0))
((4 d d) (4 6.0 6.0 4))
((5 9) (4 4 5))
((2 7.0) (0.0 1.0))
((8.0 6.0) (8.0 0.0))
((9) (0.0 5))
((2 0.0) (9 4))
((8.0 0.0) (9 1.0 1.0))
((5 0.0) (0.0 9))
((1.0 7.0 7.0 7.0) (4 0.0 4 0.0))
((8.0 9) (2))
((6.0 6.0 6.0 4 6.0) (2))
((4 8.0) (6.0 6.0 0.0))
((2 0.0) (0.0 9))
((4 0.0) (5 0.0))
((0.0 2) (2 4 4))
((d) (2 8.0))
((1.0 8.0) (1.0 2))
((d 4 d 4) (0.0 8.0))
((7.0) (9))
((5 5 5 6.0) (9 0.0))
((2 8.0) (1.0 7.0))
((4 d 4) (9 d))
((6.0) (1.0 4))
((0.0 6.0) (7.0))
((6.0 0.0) (0.0 d))
((1.0 9 1.0) (6.0 4))
((d 8.0) (5 9))
((4 7.0) (1.0 8.0))
((d 4 4) (2 7.0))
((5 2) (1.0 7.0 1.0))
((5 6.0) (d 2))
((9 0.0) (2 8.0))
((7.0 8.0 8.0) (6.0 d d))
((8.0 9 9) (8.0 1.0))
((0.0 d) (8.0 9))
((1.0 9 1.0) (6.0 d))
((8.0 9 8.0) (8.0 0.0))
((9 0.0) (7.0))
((8.0 d d) (5 5 7.0))
((8.0 7.0 7.0) (5 5 9))
((2 7.0) (2 d))
((9 0.0 0.0) (2 0.0))
((5 6.0) (4 5))
((6.0 8.0 8.0 8.0) (4 d))
((7.0 9 7.0) (d))
((5 4 4) (9 8.0))
((d 0.0 d) (7.0 6.0))
((4 5) (2 6.0 6.0))
((d) (8.0 8.0))
((0.0 8.0) (8.0 5))
((d 5 d) (8.0 9))
((2) (d 0.0))
((7.0 5) (6.0 2))
((1.0 1.0) (4 d))
((6.0 6.0 2) (7.0 6.0))
((d 1.0) (9 1.0 9))
((6.0 6.0 8.0) (7.0 4))
((4) (2 2))
((5 2) (9 6.0))
((d 0.0) (1.0 8.0))
((9 4) (0.0 2))
((d 8.0) (5 d))
((5 0.0) (4))
((2 9) (2 d d))
((1.0 7.0) (6.0 1.0))
((6.0 4) (d 5))
((0.0 7.0) (4 5 5))
((d 0.0 0.0) (2 7.0))
((1.0 4 1.0) (7.0 2 2))
((0.0 1.0) (7.0 d))
((9 2) (9 9))
((d 9) (2 5))
((d 9 d) (7.0 1.0 1.0))
((8.0 1.0) (2 4 4))
((5 1.0) (6.0 1.0 6.0))
((0.0 2) (2 7.0 7.0))
((6.0 5) (4 5))
((d 7.0) (7.0 7.0 0.0))
((4 4 1.0) (1.0 7.0 7.0))
((9 1.0) (2 d 2))
((9 9 9 2 2) (9 4 9))
((2 8.0 2) (6.0 7.0 6.0 6.0))
((7.0 0.0 7.0) (1.0 1.0 9))
((7.0 1.0 1.0) (9 9))
((8.0 7.0) (9 7.0))
((5 2) (1.0 4))
((4 7.0) (9 2))
((5 8.0 8.0 8.0) (5 0.0))
((7.0 1.0) (6.0 0.0))
((8.0 6.0) (7.0 d d))
((5 7.0) (6.0 5))
((6.0 9) (8.0 5 5))
((1.0) (8.0 0.0))
((1.0 7.0) (5 5))
((4 4 6.0) (7.0 8.0))
((d 0.0) (d 2))
((2 9) (7.0 8.0))
((9 8.0) (6.0 8.0))
((7.0 5) (1.0 9))
((5 0.0 0.0 0.0) (1.0 1.0 4))
((4 9 4) (8.0 1.0))
((4 1.0) (9 1.0))
((2 6.0) (4 2))
((6.0 0.0) (5 6.0))
((9 4 9) (9 1.0))
((d 6.0) (4 0.0))
((d) (9 8.0))
((8.0 d d) (2 2 1.0))
((2 d) (5 4))
((4 1.0) (5 5 7.0))
((d 8.0 8.0) (8.0))
((7.0 5) (4 2))
((8.0 d) (1.0 d d))
((1.0 0.0 0.0) (d d d))
((d d 5 d d) (d 1.0))
((4 d) (7.0 2 7.0))
((9 2) (7.0 4))
((8.0 4 4) (8.0 d))
((9 9 d) (6.0 9))
((4 4) (2))
((8.0 7.0) (8.0 6.0))
((7.0 0.0) (9 5))
((6.0) (6.0 0.0))
((6.0 d) (7.0 7.0 7.0 9))
((0.0 d) (5 0.0 0.0))
((1.0 1.0 1.0 4) (6.0 5 5))
((8.0 8.0) (9))
((4 2) (4 6.0))
((4 5 4) (0.0 0.0 7.0))
((9 1.0) (6.0 8.0 8.0))
((4 5 5 5) (8.0 7.0))
((1.0 6.0) (5 2))
((5 5 7.0 7.0) (7.0 7.0 7.0))
((8.0 6.0 8.0) (9 5 9))
((7.0 2) (d 7.0))
((6.0 5 6.0) (1.0 4))
((2 1.0) (9 7.0))
((8.0 0.0) (6.0))
((5 5 2) (8.0 7.0))
((6.0 6.0 2) (2 2 2 8.0))
((d d d 6.0) (9 7.0))
((9 7.0) (5 5 4))
((8.0 6.0) (9 9 d))
((d) (5 9))
((8.0 8.0 7.0) (d 1.0 1.0))
((9 8.0) (2 0.0))
((2 2 5) (9 d))
((2 4) (6.0 2 2))
((d 0.0 0.0) (0.0 4))
((4 4 6.0) (8.0))
((6.0 8.0) (5 d))
((4 4 5) (8.0 4))
((7.0 6.0 6.0) (8.0 7.0))
((2 d) (6.0 5))
((0.0 7.0 7.0) (1.0 7.0 1.0))
((4 0.0 4 0.0 4) (8.0 8.0 4))
((1.0 6.0) (5 1.0))
((1.0 7.0) (4 5))
((6.0) (1.0 6.0 6.0 6.0))
((1.0 1.0 1.0 1.0 7.0 1.0 7.0) (4 4 4 8.0 4 4 8.0 8.0))
((9 8.0) (5 d))
((5 5 0.0) (d 1.0))
((2 5) (4 4 4 4 9))
((1.0 1.0 0.0) (8.0 6.0))
((5 5 6.0) (2 4))
((0.0 7.0) (1.0 7.0))
((4 6.0) (0.0))
((9 6.0 9) (1.0))
((2 1.0 2) (2 4))
((6.0) (d))
((d 4) (0.0 7.0))
((0.0 5 0.0) (d 4))
((2 4) (1.0 0.0))
((7.0 8.0) (7.0 7.0 1.0))
((4 0.0) (7.0 6.0))
((4 8.0) (6.0 6.0 6.0 9))
((9 2) (1.0 2))
((0.0 0.0 8.0) (9 d))
((4 0.0) (9 9 7.0))
((1.0) (5 9))
((7.0 6.0) (1.0 1.0 5 5))
((2 9) (9 7.0))
((8.0 0.0) (9 d d))
((5 9) (2 1.0))
((8.0 1.0) (4 5))
((2 2 2 8.0) (2))
((d 6.0) (7.0 d))
((2 0.0) (6.0 5))
((7.0 1.0 7.0) (9 6.0))
((9 0.0 9) (8.0 0.0))
((7.0 8.0) (9 d))
((5 6.0) (9))
((7.0 4 7.0 7.0 7.0) (4 6.0 6.0))
((6.0 4) (d 9))
((9 0.0) (d))
((d 5 d) (7.0 7.0 7.0 7.0 6.0))
((6.0 4) (0.0 d))
((9 4) (8.0 1.0))
((0.0 6.0 0.0) (8.0 9 9))
((5 6.0 5 5 6.0 6.0) (0.0 9))
((8.0 1.0) (0.0 0.0 5))
((0.0 4) (7.0 d))
((0.0 6.0 6.0) (1.0 2))
((1.0 1.0 9) (9 9 0.0 0.0))
((9 4) (6.0 0.0))
((2 d) (0.0 9))
((d 5) (7.0))
((0.0 0.0 6.0) (2 7.0 2))
((9 8.0) (8.0 6.0))
((d 2) (1.0 9))
((4 0.0) (7.0 0.0 0.0))
((4 0.0) (7.0))
((1.0 1.0 1.0 4) (1.0 5))
((d 1.0 1.0) (d 7.0))
((7.0 5) (8.0 5))
((9 9 9 4) (8.0))
((0.0 4) (d 4))
((4 2) (d 6.0))
((9 1.0) (0.0 0.0 6.0 0.0))
((0.0) (5 d))
((2 4) (5 1.0))
((d d 9) (4 2))
((8.0 6.0) (6.0 5))
((0.0 6.0 6.0) (d 2 2))
((4 0.0) (1.0 8.0))
((6.0 7.0 6.0) (6.0 6.0 0.0))
((2 4) (0.0 2 2 0.0))
((9 8.0 8.0) (2 2 0.0))
((6.0 1.0) (6.0 9))
((2 6.0) (2 4))
((7.0 6.0) (9 d d))
((5) (8.0))
((4 4 1.0) (d d 0.0))
((8.0) (8.0 1.0 1.0))
((8.0 d d) (8.0 7.0))
((5) (8.0 1.0))
((7.0 9) (7.0 d))
((6.0 4) (0.0 d))
((d 6.0 d) (8.0 6.0 7.0))
((9 1.0 5) (2 8.0 9))
((6.0 9 5) (8.0 6.0))
((1.0 d 9) (1.0 5 4))
((9 1.0 8.0) (1.0 2))
((2 2 5 4) (2 1.0))
((2 2 9 4) (4 9 5))
((9 7.0) (8.0 7.0))
((4 0.0) (5 7.0 8.0))
((4 2) (1.0 6.0 6.0 d 1.0))
((6.0 7.0) (8.0 1.0 5 1.0))
((9 9 6.0 0.0) (0.0 0.0 5 0.0 8.0 0.0))
((5 7.0 1.0) (d 5))
((7.0 d) (8.0 d d 7.0))
((7.0 6.0) (5 0.0))
((2 2 2 9 9 1.0) (2 0.0 9))
((2 0.0 2 0.0 9) (7.0 1.0 6.0))
((4 d) (1.0 9 2 1.0))
((0.0 6.0 7.0) (d 9 d d 2))
((8.0 6.0 8.0 4) (5 9 6.0 5 6.0 5))
((4 8.0 9 8.0) (d 6.0 9 6.0))
((9 7.0 4) (2 d d 8.0))
((6.0 d 4 6.0) (2 1.0 9))
((5 8.0 d 5 d 5) (8.0 9 1.0))
((6.0 9 4) (6.0 6.0 1.0 6.0))
((0.0 6.0) (6.0 8.0 0.0))
((9 0.0 9 5) (2 2 7.0))
((5 7.0) (6.0 6.0 1.0 2))
((6.0 5 6.0 2) (2 0.0 1.0 2))
((2 9 4) (6.0 8.0 8.0 6.0 4))
((9 4 1.0) (2 6.0 8.0))
((1.0 5) (d 9 0.0 0.0 0.0))
((d 5 0.0) (5 2 8.0 2))
((8.0 2) (1.0 5 9))
((9 6.0 9 8.0) (4 0.0 4 7.0))
((1.0 8.0) (0.0 9))
((d 8.0 4 d d) (0.0 8.0 2))
((6.0 8.0 1.0) (d 4 7.0))
((9 7.0 2 9 9) (5 d 1.0 d))
((5 6.0 5) (1.0 8.0 d))
((0.0 6.0) (1.0 6.0 1.0 7.0 7.0))
((0.0 2 8.0) (9 5 5))
((4 4 4 9 4) (9 4 1.0))
((4 9) (7.0 4 5))
((1.0 2 2 2) (7.0 5 5 1.0))
((d 5 5 5) (2 2 8.0))
((2 0.0 6.0) (1.0 0.0 0.0 9))
((7.0 1.0 8.0) (7.0 5 5))
((2 4 9) (6.0 4))
((2 2 8.0 8.0 d) (0.0 d))
((d 4) (1.0 1.0 1.0 1.0 0.0))
((1.0 5 9) (2 5 9))
((9 9 7.0 9 9 5 7.0) (9 7.0 9 2))
((5 6.0 2 6.0 2 5) (9 6.0 8.0 9))
((2 d 0.0) (4 1.0 2))
((8.0 0.0) (4 9 4 4))
((4 6.0 0.0) (2 4 0.0 4 2 0.0))
((7.0 2 8.0) (6.0 5 4 6.0))
((5 d) (4 7.0 d))
((8.0 5 2 5) (9 4 4 0.0 4))
((6.0 5 d) (7.0 9 2))
((9 0.0 9 9 7.0) (1.0 d 6.0))
((1.0 0.0 9) (d d d 8.0 d 4))
((5 7.0 5 6.0) (1.0 8.0 1.0 9))
((6.0 0.0) (7.0 2 5))
((8.0 6.0 7.0) (1.0 1.0 6.0))
((0.0 5 1.0) (5 4 1.0))
((d 6.0 8.0) (5 4 0.0 0.0 4))
((d 0.0 d 6.0) (9 0.0 1.0))
((2 9 9 9) (7.0 6.0 6.0 8.0))
((7.0 7.0 5 9) (1.0 2))
((6.0 2 4) (9 8.0 d))
((5 4) (8.0 2 0.0))
((6.0 1.0 d 6.0) (9 6.0 9 9 6.0))
((8.0 2 6.0 8.0) (8.0 5 7.0))
((5) (9 2 1.0))
((7.0 2 1.0) (7.0 d 2))
((6.0 8.0 2) (6.0 6.0 9 9))
((7.0 1.0 6.0) (6.0 8.0 7.0 8.0))
((2 7.0 9) (1.0 1.0 9 1.0 0.0 9))
((8.0 9 9 6.0) (4 0.0 7.0 4))
((7.0 0.0 6.0) (7.0 7.0 2 7.0 7.0 0.0))
((5 d d 0.0) (8.0 7.0 d))
((8.0 5 8.0 8.0) (d 8.0))
((4 5 8.0) (2 0.0 7.0 0.0))
((1.0 5) (8.0 7.0 0.0))
((2 5) (0.0 8.0 2))
((5 9 5) (4 6.0 5))
((7.0 0.0 8.0 0.0) (6.0 6.0 0.0 0.0))
((d 6.0 2) (d 4))
((1.0 6.0 6.0 5) (5 d 0.0))
((d 5 4) (5 9))
((6.0 4 9) (9 7.0 6.0))
((7.0 d) (1.0 5 5 5))
((d 0.0) (1.0 6.0 5 6.0 6.0 5))
((6.0 1.0 6.0) (6.0 9 4))
((8.0 6.0 2 6.0 6.0) (2 1.0 7.0))
((4 1.0 0.0) (0.0 7.0 d))
((9 7.0 5) (0.0 5 7.0))
((7.0 1.0) (4 d 0.0))
((4 6.0 d) (d d d 9 d 7.0))
((d 6.0) (6.0 0.0 6.0))
((5 7.0 7.0) (2 d))
((6.0 4 5) (8.0 d 8.0 2))
((5 2 6.0) (7.0 7.0 9 0.0))
((d 8.0 1.0) (0.0 0.0 4))
((6.0 6.0 0.0 6.0 9) (8.0 0.0 d))
((2 7.0 9) (7.0 1.0 8.0))
((1.0 6.0 1.0 d 1.0) (7.0 d 7.0 9))
((2 6.0) (8.0 1.0 2))
((6.0 5 6.0 6.0 0.0 6.0) (d 4))
((4 2 8.0) (1.0 7.0 d))
((9 7.0 4) (9 9 5 2 9))
((0.0 2 d) (4 6.0 4 2))
((1.0 0.0) (4 8.0 d 4 d))
((8.0 8.0 8.0 0.0) (d 7.0 4))
((2 5 7.0) (5 6.0))
((5 6.0 6.0) (9 7.0 2 7.0))
((d 5 0.0 0.0 d 0.0 d) (9 5 7.0 5))
((5 1.0 0.0) (2 6.0 9 9))
((0.0 0.0 d) (0.0 4 6.0))
((1.0 d 0.0) (0.0 4 6.0))
((5 2 5 4) (d 8.0 0.0))
((0.0 1.0) (6.0 1.0 5))
((0.0 4 d) (8.0 0.0))
((9 d) (8.0 5 8.0 0.0 0.0))
((6.0 1.0 6.0 8.0) (9 9 6.0))
((4 0.0 5) (1.0 d d 6.0))
((d 9 0.0 d) (4 4 0.0))
((5 7.0 9) (9 2 d d))
((d 4 9) (2 7.0 1.0))
((4 4 0.0 4) (2 6.0 9))
((4 0.0 5 4) (d 2))
((7.0 4 5 4) (7.0 9 0.0))
((0.0 6.0 7.0) (d 5 4))
((d d 0.0 5 d) (4 5))
((9 7.0 8.0) (8.0 4))
((9 9 2 d 9) (4 5 5 0.0))
((d 2 7.0 7.0) (1.0 2 6.0))
((1.0 0.0) (6.0 4 5 5))
((2 1.0 6.0) (2 5 7.0))
((5 8.0 2) (6.0 4 7.0))
((1.0 1.0 0.0 5) (1.0 7.0 9 7.0))
((4 8.0 8.0 5) (d 1.0 7.0))
((1.0 9 d) (6.0 1.0))
((7.0 5 7.0 0.0) (1.0 8.0 0.0 0.0))
((0.0 6.0 0.0 1.0) (9 6.0 2))
((0.0 5 8.0) (5 8.0))
((4 5 2) (4 4 1.0))
((4 2) (5 d 9 5))
((7.0 4 1.0 4) (0.0 9 d))
((1.0 8.0 5) (4 6.0 2))
((9 0.0 d d) (d 5 8.0))
((2 4 0.0) (2 8.0))
((7.0 1.0 7.0 4 4) (8.0 2 7.0))
((d 9 5) (d 9 d 6.0))
((6.0 7.0 9) (9 d 2))
((2 1.0 1.0 2) (0.0 d 0.0 d d))
((0.0 0.0 0.0 1.0) (6.0 2 4))
((4 6.0 7.0) (9 4 d))
((5 2 7.0) (6.0 9 9 7.0 6.0 7.0))
((9 1.0 8.0) (8.0 d 7.0))
((7.0 6.0 1.0) (1.0 1.0 1.0 0.0 0.0 5))
((2 9 0.0 0.0 2) (d 1.0 4))
((2 2 2 4 2 5 5 2 2) (d))
((4 4 7.0 5 4) (6.0 9 6.0))
((1.0 8.0 d) (7.0 d))
((1.0 0.0) (8.0 1.0 9))
((8.0 4 5 8.0) (6.0 5 5 2))
((5 2 2 9) (5 d 0.0 5))
((9 d 9 5) (6.0 1.0 1.0 7.0))
((5 5 5 5 8.0) (6.0 9 2))
((5 2) (6.0 0.0 0.0 2 6.0))
((4 0.0) (9 6.0 5))
((8.0 4) (7.0 7.0 4 7.0))
((2 6.0) (4 5 8.0))
((5 4 7.0 7.0 7.0) (1.0 5))
((8.0 0.0 7.0) (7.0 5 4))
((2 9) (6.0 8.0 6.0))
((9 d 9 2) (0.0 5 4))
((8.0 4 0.0) (6.0 7.0 1.0))
((4 2) (0.0 4))
((d 9 6.0 9) (2 7.0))
((4 8.0 7.0) (9 2 1.0))
((2 4 6.0) (1.0 d 7.0))
((5 5 0.0 6.0 0.0 5 0.0 0.0) (8.0 9 8.0))
((d 2 5) (d 9))
((4 8.0 8.0 5 8.0 8.0 4 8.0) (9 6.0 5))
((1.0 0.0 0.0 0.0 0.0 2) (1.0 6.0 8.0))
((0.0 d) (2 0.0 9))
((5 d 2 5) (d 6.0 5))
((5 2 2 9) (5 d 9))
((d 0.0 2) (8.0 2 2 9))
((6.0 8.0 9) (8.0 d 2 2 2))
((0.0 7.0 7.0 2 0.0) (1.0 1.0 5 0.0 0.0))
((d d 4 6.0 6.0 4) (9 6.0 0.0))
((4 8.0 9 8.0) (0.0 0.0 6.0 6.0 9))
((0.0 5 6.0 6.0) (8.0 1.0 0.0))
((d 5 8.0 5) (2 0.0 0.0 6.0))
((0.0 d 9) (5 0.0))
((5 5 d) (7.0 7.0 7.0 9))
((2 7.0) (4 4 4 8.0 2))
((1.0 9 9) (8.0 5 5 4 5))
((7.0 6.0 1.0) (8.0 4 8.0 5 8.0))
((d 4 8.0) (5 d 2 5))
((9 9 7.0) (5 1.0))
((7.0 6.0 1.0) (8.0 d 4 8.0))
((5 5 5 8.0) (8.0 2))
((8.0 4 d) (2 9 9 5 9))
((7.0 1.0 7.0 7.0 2) (5 7.0 7.0))
((0.0 5 d) (d 2 9))
((0.0 1.0 1.0 7.0 7.0) (0.0 7.0 5))
((0.0 7.0) (d d 9 1.0))
((1.0 0.0 4 4 1.0 0.0) (0.0 9 4 0.0))
((1.0 2) (5 7.0 8.0))
((1.0 5 9 1.0) (5 2 2))
((4 5 7.0) (6.0 0.0 2 2))
((8.0 2 2 0.0) (0.0 7.0 d))
((6.0 0.0 9) (1.0 8.0))
((7.0 d d 1.0) (6.0 7.0 d))
((2 d 7.0 2) (0.0 6.0 d))
((5 1.0 7.0) (8.0 6.0))
((9 2 0.0 2) (7.0 6.0 6.0))
((9 9 2 0.0 9) (8.0 8.0 2))
((2 1.0 0.0) (6.0 2 1.0))
((1.0 9 8.0 9 8.0) (2 9 7.0))
((d 5 9) (6.0 9 2))
((0.0 7.0 0.0 9) (8.0 8.0 6.0))
((9 1.0 9 6.0) (1.0 5 1.0 5 4))
((1.0 6.0) (4 7.0 4 6.0))
((d 9 4) (5 9 0.0))
((0.0 7.0 d 0.0) (2 6.0 6.0 7.0))
((8.0 5 5) (0.0 9 6.0))
((7.0 0.0 0.0 1.0 7.0) (7.0 d 4))
((6.0 1.0) (8.0 8.0 5 7.0))
((8.0 5 7.0) (0.0 9 8.0))
((0.0 9 4) (4 6.0 2 2))
((5 5 5 0.0 5) (2 7.0 1.0))
((0.0 9) (1.0 9))
((6.0 6.0 6.0 6.0 7.0 7.0) (5 2 0.0))
((1.0 1.0 4 9) (d 1.0 1.0))
((9 0.0 7.0 7.0 7.0) (7.0 0.0 2))
((6.0 6.0 d) (2 8.0 6.0))
((5 7.0 0.0 0.0) (2 1.0 d))
((4 6.0 6.0 1.0) (d 9 1.0))
((2 1.0 8.0) (8.0 0.0))
((1.0 1.0 2 1.0 d) (2 5 6.0 5))
((5 9) (0.0 8.0 9))
((4 d 8.0) (4 1.0 6.0))
((5 4 4 2 4 5) (d 7.0 2))
((8.0 d) (4 2 4 6.0))
((0.0 6.0 2) (0.0 1.0))
((4 7.0 6.0 4) (9 5 5 d d))
((6.0 8.0 8.0 6.0 5) (5 5 1.0 1.0))
((2 8.0 5) (2 4 0.0 0.0))
((5 0.0 d) (5 7.0 0.0))
((5 2 4) (1.0 d 0.0))
((8.0 7.0 7.0 9) (8.0 1.0 1.0 d))
((7.0 9 7.0 0.0 7.0) (5 0.0 8.0))
((d 9 9 4) (2 7.0 4))
((6.0 6.0) (0.0 5))
((5 2 1.0) (0.0 9))
((1.0 d 8.0) (2 7.0))
((d 8.0 7.0) (8.0 6.0))
((5 7.0 8.0) (1.0 0.0 1.0 6.0 0.0))
((5 9) (1.0 0.0 4))
((9 6.0 2) (5 7.0 5 d))
((1.0 5 0.0) (7.0 2 7.0))
((6.0 4 d) (7.0 9))
((7.0 6.0 5) (2 9 6.0))
((8.0 2) (9 1.0 0.0 9))
((2 7.0 7.0) (7.0 0.0 1.0 0.0 0.0))
((1.0 1.0 2) (8.0 7.0 5 8.0))
((5 8.0) (0.0 5 6.0))
((7.0 d 0.0) (8.0 8.0 0.0 0.0))
((d 2 d 7.0) (9 9 1.0 0.0))
((d 8.0 8.0 2 2) (1.0 1.0 4 6.0 1.0 6.0 1.0 4))
((8.0 2 2 5 2) (d 6.0 7.0 6.0))
((d 6.0) (8.0))
((9 1.0 0.0) (2 2 1.0 1.0 1.0 7.0))
((9 5 5 9 d) (6.0 6.0 9 6.0))
((7.0 5 7.0 2) (2 0.0))
((9 6.0 6.0) (4 0.0 5))
((7.0 4) (6.0 d 6.0 1.0))
((8.0 0.0 4) (1.0 0.0 d))
((7.0 6.0) (d d 0.0 6.0))
((4 7.0 1.0) (1.0 4 2))
((9 0.0 9 9 4 0.0 9) (7.0 6.0 6.0 d))
((0.0 5 d d) (1.0 8.0 6.0))
((4 8.0) (4 6.0 8.0))
((6.0 4) (6.0 2 1.0))
((7.0 0.0 6.0) (8.0 2))
((d 4 1.0 4) (5 7.0 d))
((0.0 0.0 1.0 7.0) (7.0 2 0.0))
((6.0 7.0 6.0 5) (7.0 d 8.0))
((5 2 9 2 9) (5 8.0))
((1.0 1.0 4 6.0) (0.0 d 2 d d))
((9 6.0 5) (9 0.0 d))
((7.0 5 5 d d) (7.0 7.0 9))
((5 5 d d 5) (4 9 8.0))
((5 5 2) (7.0 0.0 8.0))
((5 6.0 7.0) (0.0 2 5 2 2))
((1.0 2 7.0) (5 5 1.0 7.0))
((0.0 4 4 5) (d 1.0 9))
((5 0.0 5 8.0 5 5) (2 0.0 6.0))
((6.0 9 9 9 2 9) (8.0 5))
((7.0 6.0 5) (d 4 d d 0.0 d))
((9 5 2 5) (4 2 5))
((0.0 2 2) (d 7.0 1.0))
((5 1.0 0.0 1.0 5) (4 2 7.0))
((4 6.0) (0.0 4 0.0 4 8.0))
((7.0 0.0 9) (8.0 0.0 9))
((7.0 7.0 0.0 0.0 5 0.0) (6.0 2 2 8.0))
((7.0 d 7.0 6.0) (6.0 4))
((0.0 8.0) (0.0 1.0 4))
((7.0 0.0 d) (0.0 1.0 9))
((7.0 6.0) (0.0 7.0 4 4))
((1.0 2 5) (4 2))
((2 4 2 0.0) (4 6.0 2))
((2 0.0 1.0) (1.0 0.0))
((7.0 5 d) (5 5 5 0.0 6.0))
((7.0 6.0 0.0 7.0) (1.0 7.0 1.0 4))
((d 6.0 d 9 6.0) (9 9 7.0 4))
((0.0 7.0 2 7.0) (6.0 d 7.0 7.0))
((6.0 8.0 8.0 4) (1.0 2 5))
((6.0 5 1.0 5) (2 1.0 8.0))
((2 6.0 9) (9 7.0 7.0 1.0 9))
((5 d 1.0) (2 5 4))
)
