(
((i 9.0 2 6.0 d) (6.0 i d 9.0 2))
((i 2 7 4 5 6.0 d) (5 4 d 7 i 2 6.0))
((i 5 d 1 4 6.0) (4 6.0 i 1 d 5))
((9.0 5 0.0 i 7 d 4) (d 9.0 7 5 i 4 0.0))
((2 0.0 9.0 1 4 5 7 d) (5 7 0.0 4 d 2 1 9.0))
((i 4 5 2 7 d 9.0) (2 d 5 7 4 i 9.0))
((4 0.0 7 1 2 6.0 i) (0.0 1 6.0 i 4 2 7))
((2 6.0 i d 7 0.0 1) (0.0 6.0 1 2 7 d i))
((2 6.0 1 0.0 4) (1 4 0.0 6.0 2))
((d 4 0.0 i 1 2 9.0) (9.0 1 2 d 0.0 4 i))
((5 2 i 6.0 4) (2 6.0 i 5 4))
((0.0 9.0 6.0 7 2 4 1 i) (1 i 2 7 9.0 0.0 6.0 4))
((d i 1 5 4) (1 i d 4 5))
((5 2 i 7 1 d 9.0) (5 2 1 7 9.0 d i))
((7 6.0 0.0 d i 1) (d 1 i 6.0 7 0.0))
((9.0 i 0.0 6.0 1 d) (6.0 9.0 i d 1 0.0))
((0.0 2 6.0 5 i 7 d 9.0) (i 2 9.0 d 5 6.0 0.0 7))
((d 0.0 7 5 9.0) (0.0 9.0 d 7 5))
((4 9.0 d 0.0 7) (4 0.0 9.0 7 d))
((4 d 0.0 2 1 9.0 7 5) (1 4 2 7 9.0 d 0.0 5))
((5 7 2 4 6.0 d 0.0) (5 7 2 4 6.0 d 0.0))
((0.0 1 4 7 5) (7 1 4 0.0 5))
((4 1 9.0 7 d) (7 9.0 1 4 d))
((i 9.0 5 7 6.0 4) (4 5 9.0 6.0 i 7))
((4 d 0.0 1 i 7 5) (4 7 d 5 0.0 i 1))
((d 5 0.0 1 i 9.0 7) (9.0 7 1 5 0.0 i d))
((9.0 2 0.0 d i 1 4) (4 2 d 0.0 i 1 9.0))
((9.0 6.0 2 7 0.0 4 5) (4 2 5 0.0 9.0 6.0 7))
((9.0 6.0 1 5 d i 7) (d 5 i 6.0 1 7 9.0))
((2 4 i 5 6.0 1) (6.0 2 1 4 i 5))
((d 2 i 7 1) (2 d i 1 7))
((0.0 1 2 7 d i 9.0) (d 9.0 1 2 i 0.0 7))
((9.0 1 0.0 d 7 2 4) (4 2 7 d 0.0 1 9.0))
((2 d 0.0 9.0 6.0 5 4 i) (i d 4 6.0 2 5 9.0 0.0))
((d 2 i 1 4) (1 d i 4 2))
((d 9.0 i 5 2 6.0) (i 5 d 9.0 2 6.0))
((i 2 0.0 5 7 6.0) (6.0 2 7 5 i 0.0))
((6.0 9.0 4 5 d 7 1) (7 6.0 d 9.0 4 1 5))
((2 9.0 d 0.0 6.0 1) (d 0.0 2 9.0 6.0 1))
((2 5 1 i 6.0 4 7) (7 i 1 6.0 5 4 2))
((7 9.0 i 6.0 1 d 5 2) (d 7 9.0 i 5 1 6.0 2))
((i 7 0.0 1 d 9.0 5) (5 1 0.0 i 7 9.0 d))
((6.0 7 2 5 1 i) (1 5 6.0 i 7 2))
((7 2 i 1 5 4 d 0.0) (d 2 5 7 4 i 0.0 1))
((4 1 2 d 6.0) (1 2 6.0 4 d))
((7 i 4 5 2 6.0 d 9.0) (5 7 4 9.0 6.0 d i 2))
((6.0 5 i 7 2 9.0 1 4) (4 5 2 9.0 i 7 6.0 1))
((4 d 7 2 1 9.0 5) (4 d 5 1 2 7 9.0))
((5 2 6.0 7 0.0 9.0) (5 2 9.0 6.0 7 0.0))
((i d 7 6.0 0.0 5 4) (i 6.0 5 7 0.0 4 d))
((4 0.0 9.0 6.0 1 7 d 5) (7 4 1 9.0 5 0.0 6.0 d))
((9.0 4 1 7 i 2 5) (2 4 1 i 5 9.0 7))
((d 5 1 4 9.0 i 0.0) (d 9.0 1 i 0.0 4 5))
((9.0 0.0 d 6.0 1 2 i) (6.0 1 0.0 i d 9.0 2))
((7 0.0 i d 1 5) (0.0 7 d 5 1 i))
((1 7 i 0.0 d 4) (d 0.0 7 4 1 i))
((7 2 1 9.0 i 6.0 d) (7 2 d 1 9.0 i 6.0))
((6.0 d 7 0.0 2 9.0 i) (9.0 6.0 d 7 0.0 i 2))
((9.0 i 1 2 d 5) (5 2 d i 1 9.0))
((4 6.0 9.0 5 0.0 2 7) (2 5 6.0 4 7 9.0 0.0))
((7 2 4 i d 1) (d i 1 4 2 7))
((d 2 i 1 0.0 5) (0.0 1 i 5 2 d))
((1 2 7 9.0 d) (9.0 1 d 7 2))
((5 0.0 7 2) (5 0.0 7 2))
((d 6.0 0.0 5 2 i 7) (5 7 2 i 0.0 6.0 d))
((7 2 1 6.0 5 i d) (1 d 2 6.0 5 i 7))
((i 1 9.0 7 5) (i 1 7 9.0 5))
((0.0 5 4 d 7 1 9.0) (5 0.0 4 1 7 9.0 d))
((2 7 i d 4 5) (2 7 5 4 d i))
((5 7 9.0 0.0 i d 6.0 4) (d 6.0 4 0.0 i 9.0 7 5))
((2 5 i 0.0 4) (0.0 i 4 5 2))
((i 1 d 4 0.0 5) (4 1 5 d 0.0 i))
((i 6.0 4 1 d) (1 6.0 4 d i))
((i 9.0 6.0 d 7) (d 7 i 9.0 6.0))
((2 9.0 0.0 i 6.0 7) (9.0 i 7 0.0 2 6.0))
((9.0 7 5 d 0.0 1 i) (5 7 9.0 i d 1 0.0))
((5 i 0.0 7 6.0 d 9.0) (d 7 0.0 5 9.0 6.0 i))
((i 7 5 d 6.0 4) (4 i 6.0 d 7 5))
((5 9.0 6.0 i 0.0 4 2) (9.0 2 6.0 0.0 i 5 4))
((5 4 6.0 9.0 1 i) (1 5 4 i 9.0 6.0))
((d 4 6.0 i 5 7 2) (d i 5 7 4 2 6.0))
((i 2 7 6.0) (7 2 6.0 i))
((2 i 1 6.0 0.0 7) (1 7 i 0.0 2 6.0))
((7 9.0 2 5 6.0 4 0.0) (6.0 9.0 2 5 7 4 0.0))
((9.0 5 d 0.0 6.0 1) (6.0 0.0 d 1 9.0 5))
((9.0 i 2 1 6.0 4 0.0) (4 9.0 1 2 i 0.0 6.0))
((1 6.0 2 i 0.0 d 9.0) (d 1 6.0 9.0 2 0.0 i))
((7 1 0.0 9.0 d 5 i) (0.0 5 9.0 i d 1 7))
((1 i 6.0 0.0 5 9.0) (5 i 0.0 9.0 6.0 1))
((5 9.0 4 7 i) (7 i 9.0 5 4))
((i 9.0 6.0 1 2 d) (2 9.0 d i 1 6.0))
((2 d i 7 9.0 5 1) (5 1 7 d 2 i 9.0))
((1 9.0 d 6.0 0.0 i 2) (0.0 d i 6.0 9.0 1 2))
((7 5 i 9.0 6.0 2) (7 5 i 6.0 2 9.0))
((i d 5 9.0 1 4 0.0) (4 d 5 i 1 9.0 0.0))
((6.0 9.0 5 d 1 2) (9.0 1 6.0 2 5 d))
((4 1 7 d 0.0 6.0 2 9.0 5) (4 7 5 1 d 2 9.0 0.0 6.0))
((2 7 1 5 6.0) (7 1 6.0 5 2))
((6.0 i 4 d 0.0 7) (i 4 d 6.0 0.0 7))
((i 6.0 1 7 0.0 5 2 4) (6.0 0.0 2 5 7 1 i 4))
((2 0.0 i 7 9.0 5) (i 2 0.0 5 7 9.0))
((6.0 1 4 7 0.0 2) (2 6.0 4 0.0 7 1))
((1 7 9.0 d 0.0 6.0 4) (d 0.0 7 4 9.0 6.0 1))
((0.0 d 7 6.0 9.0 5) (d 7 0.0 9.0 6.0 5))
((2 0.0 1 5 4 6.0 i) (1 0.0 6.0 i 5 4 2))
((0.0 1 2 d 4 i 7 9.0) (d 4 7 i 2 9.0 0.0 1))
((9.0 0.0 5 4 7 6.0 d 2) (0.0 6.0 2 4 9.0 7 5 d))
((d 5 4 2 i 6.0) (i 2 5 4 6.0 d))
((6.0 d 5 1 2 7 9.0) (7 d 2 9.0 6.0 5 1))
((7 6.0 1 0.0 i 2 d 5) (5 0.0 i 7 2 d 6.0 1))
((i 0.0 9.0 4 6.0 7 2) (0.0 4 7 6.0 9.0 2 i))
((7 1 4 0.0 2 5) (1 4 7 5 2 0.0))
((i 7 0.0 9.0 5 1 4) (7 5 4 9.0 0.0 1 i))
((i 0.0 1 2 6.0 4 9.0) (4 6.0 i 2 9.0 0.0 1))
((9.0 7 d 0.0 4) (9.0 0.0 d 7 4))
((2 4 9.0 d 0.0 6.0 i 7) (7 6.0 9.0 2 i d 4 0.0))
((5 i 6.0 d 0.0 9.0) (9.0 i d 6.0 0.0 5))
((i 5 2 9.0 0.0 1) (i 2 0.0 1 5 9.0))
((1 9.0 4 5 d 0.0) (0.0 9.0 1 5 d 4))
((1 9.0 5 d 6.0 0.0 4) (5 4 0.0 9.0 1 d 6.0))
((6.0 2 i 4 7 1) (1 4 6.0 2 7 i))
((2 7 d i 4 0.0) (4 7 i 0.0 d 2))
((i 1 4 0.0 5) (4 i 1 5 0.0))
((7 d 9.0 5 0.0 i 1) (7 5 i d 0.0 9.0 1))
((2 i 7 9.0 4 0.0 5) (0.0 7 2 9.0 4 5 i))
((9.0 1 7 6.0 i 2 5 0.0) (6.0 7 i 1 9.0 0.0 5 2))
((5 0.0 i 6.0 4 2 9.0 d) (2 0.0 9.0 4 i 5 d 6.0))
((0.0 1 6.0 7 2 d 5 4) (6.0 7 2 5 0.0 d 4 1))
((0.0 6.0 7 5 1 9.0) (1 6.0 9.0 0.0 7 5))
((7 d 4 i 6.0 0.0) (d 0.0 6.0 i 7 4))
((0.0 5 6.0 d 4 9.0 1) (d 9.0 5 0.0 4 6.0 1))
((0.0 d 4 9.0 6.0) (0.0 9.0 6.0 4 d))
((d 4 0.0 6.0 7 i 1 5) (5 7 1 6.0 4 0.0 i d))
((4 9.0 d 1 0.0 6.0 7) (6.0 1 0.0 7 4 d 9.0))
((5 d 4 9.0 6.0 2 i) (i d 6.0 9.0 2 5 4))
((i 7 0.0 5 2 1) (7 i 5 2 0.0 1))
((5 0.0 d 2 7 1) (2 0.0 7 5 1 d))
((d i 4 2 9.0 5 6.0) (5 4 2 9.0 6.0 d i))
((2 0.0 1 6.0 5 d) (2 5 6.0 1 d 0.0))
((6.0 7 5 2 0.0 i 1 d) (i 2 1 d 6.0 5 0.0 7))
((4 d i 6.0 1 9.0 2) (1 4 2 6.0 d 9.0 i))
((7 4 1 5 i 2 6.0) (1 7 2 i 5 6.0 4))
((d i 6.0 0.0 2 7) (0.0 2 6.0 i 7 d))
((0.0 9.0 5 7 2 4) (7 4 0.0 2 9.0 5))
((4 6.0 d 0.0 9.0 1 7 2) (1 6.0 0.0 4 2 7 9.0 d))
((0.0 2 6.0 1 5 4 d i) (6.0 0.0 i d 5 2 4 1))
((0.0 i 2 5 d 9.0 1) (1 9.0 5 d 0.0 i 2))
((2 d 0.0 6.0 5 i 9.0) (6.0 d 5 9.0 i 0.0 2))
((1 2 0.0 9.0 7 i d) (d i 7 1 0.0 2 9.0))
((9.0 1 5 i 0.0) (0.0 i 9.0 5 1))
((7 0.0 9.0 i 4) (0.0 i 9.0 7 4))
((9.0 6.0 1 4 7 0.0 2 5) (0.0 1 2 7 4 6.0 9.0 5))
((0.0 6.0 1 4 i 7) (4 6.0 1 i 7 0.0))
((6.0 9.0 7 4 i 2 d) (6.0 9.0 i 4 7 2 d))
((i 4 6.0 d 9.0 7 1) (9.0 1 d 7 6.0 4 i))
((i 9.0 1 2 4) (2 9.0 1 4 i))
((6.0 0.0 2 1 4 9.0) (4 0.0 9.0 2 1 6.0))
((6.0 d i 1 2 4) (d 6.0 4 2 i 1))
((9.0 2 4 6.0 1 7 d) (4 7 2 9.0 6.0 d 1))
((6.0 5 d 9.0 0.0) (5 6.0 0.0 9.0 d))
((i 0.0 6.0 7 5 9.0) (5 9.0 0.0 7 i 6.0))
((0.0 4 7 d 5 6.0 2) (4 2 6.0 7 0.0 d 5))
((9.0 7 1 6.0 2 0.0 i) (7 9.0 1 i 6.0 2 0.0))
((4 d 7 2 5) (7 5 4 2 d))
((1 i 0.0 2 9.0) (0.0 1 2 9.0 i))
((1 d 4 7 2 6.0 0.0) (0.0 7 1 d 2 4 6.0))
((4 d 7 2 5 6.0 i) (7 2 6.0 4 d i 5))
((d 4 7 2 1 5) (1 2 d 5 4 7))
((2 7 4 6.0 d 5) (4 7 5 6.0 2 d))
((i 7 0.0 5 1 4 d) (7 i d 5 4 1 0.0))
((6.0 0.0 4 9.0 i) (9.0 i 4 0.0 6.0))
((6.0 4 5 1 i 9.0 d) (1 9.0 i 6.0 4 d 5))
((1 6.0 5 0.0 d 9.0) (d 1 9.0 0.0 6.0 5))
((1 i 7 2 4 0.0 5) (4 1 0.0 7 5 i 2))
((2 5 7 0.0 1 4) (1 4 2 5 0.0 7))
((9.0 6.0 d i 2 0.0 1) (9.0 i d 2 0.0 6.0 1))
((6.0 9.0 d 7 1 2 0.0 4) (2 9.0 6.0 d 1 0.0 4 7))
((4 d 5 7 6.0 0.0 9.0 i 1) (7 d 5 0.0 9.0 i 1 6.0 4))
((4 1 d 7 2 5 0.0) (4 d 1 5 7 0.0 2))
((5 1 9.0 4 2 d) (5 9.0 4 2 1 d))
((7 1 4 0.0 2 5 9.0) (7 5 0.0 2 4 9.0 1))
((7 1 d 2 9.0) (2 7 d 9.0 1))
((d 4 7 i 5) (4 5 7 d i))
((2 0.0 7 1 5 6.0 9.0) (0.0 7 2 5 1 6.0 9.0))
((5 4 2 6.0 d 1) (6.0 4 5 1 2 d))
((9.0 1 5 7 4 0.0) (1 0.0 7 9.0 4 5))
((i 5 1 d 2 9.0) (d 9.0 5 1 2 i))
((1 d 5 4 6.0 2 0.0) (6.0 4 0.0 5 1 2 d))
((7 4 9.0 0.0 5 6.0 1) (0.0 1 7 6.0 4 9.0 5))
((1 7 9.0 0.0 d) (9.0 d 0.0 1 7))
((5 6.0 4 i 0.0 7 d) (4 6.0 d 7 0.0 5 i))
((0.0 1 i d 9.0 6.0) (6.0 i 9.0 0.0 d 1))
((d 0.0 9.0 2 5 4) (0.0 5 2 9.0 d 4))
((9.0 6.0 d i 1 0.0 5 4) (5 1 d 0.0 i 9.0 6.0 4))
((7 4 2 6.0 0.0 9.0 i 5) (6.0 5 0.0 7 2 i 4 9.0))
((d i 4 5 2 6.0) (5 i d 2 4 6.0))
((5 d 7 9.0 2 4 1 6.0) (2 7 4 9.0 1 6.0 5 d))
((9.0 7 4 1 d 0.0 i) (0.0 i 7 9.0 4 1 d))
((i 5 2 7 9.0 0.0 4) (i 9.0 0.0 4 2 7 5))
((6.0 4 0.0 5 d 2) (d 4 2 5 6.0 0.0))
((0.0 2 1 i d 4 7) (7 i 4 d 1 2 0.0))
((7 1 5 4 6.0 d 0.0 2) (d 5 4 7 0.0 6.0 2 1))
((9.0 6.0 1 2 i 5 7) (1 2 5 7 i 6.0 9.0))
((0.0 i 2 7 4 1 6.0) (0.0 4 i 6.0 2 1 7))
((9.0 6.0 4 7 2) (2 6.0 4 7 9.0))
((6.0 i 4 d 9.0 2 7) (6.0 d 9.0 i 2 4 7))
((9.0 2 i 5 6.0 d 1) (2 i 1 d 9.0 6.0 5))
((6.0 7 2 9.0 1) (6.0 1 9.0 7 2))
((4 5 7 0.0 d) (5 7 d 0.0 4))
((i 5 4 9.0 2 0.0) (2 0.0 5 9.0 4 i))
((0.0 9.0 i 1 6.0) (0.0 9.0 i 6.0 1))
((d 1 9.0 0.0 i 6.0) (6.0 9.0 1 d i 0.0))
((0.0 i 4 6.0 2 1) (2 4 0.0 i 6.0 1))
((9.0 5 2 0.0 1 4 i 6.0) (5 4 0.0 2 9.0 i 1 6.0))
((6.0 1 7 2 0.0 9.0 i d) (i 1 7 d 0.0 2 9.0 6.0))
((9.0 1 5 2 i 7 4) (7 5 1 9.0 2 i 4))
((d 7 9.0 1 0.0 5 i 2) (0.0 9.0 7 d 5 2 1 i))
((4 1 d 9.0 2 7) (4 d 9.0 2 7 1))
((2 0.0 4 d 5 1 7) (7 4 d 0.0 2 5 1))
((5 d 4 0.0 1 i) (4 1 i 5 d 0.0))
((0.0 9.0 7 i 4 6.0 2 5) (4 5 2 6.0 7 0.0 i 9.0))
((1 7 0.0 d 4 i 6.0 2) (7 2 1 0.0 i 4 6.0 d))
((4 6.0 0.0 9.0 i 5 2) (4 0.0 9.0 i 5 2 6.0))
((0.0 1 7 2 d 9.0) (0.0 2 7 d 1 9.0))
((i 0.0 d 7 6.0 1 4) (1 i 4 0.0 6.0 d 7))
((1 7 9.0 0.0 2 5) (0.0 1 5 9.0 7 2))
((i 1 d 0.0 9.0 5) (d 0.0 1 9.0 i 5))
((i 2 0.0 4 5 d) (0.0 d 5 i 4 2))
((0.0 6.0 7 4 d 1 5) (d 0.0 6.0 5 4 7 1))
((9.0 6.0 0.0 d 7 5 4) (0.0 6.0 d 4 9.0 7 5))
((i 2 1 7 0.0 d 6.0 9.0) (d 0.0 7 i 1 2 6.0 9.0))
((9.0 0.0 1 2 d 7) (9.0 1 2 d 0.0 7))
((d 5 2 9.0 7 6.0 1) (7 9.0 5 2 6.0 d 1))
((2 0.0 6.0 9.0 4 1 5) (0.0 5 2 6.0 9.0 1 4))
((i 2 d 4 5 6.0 0.0) (5 4 d 2 i 6.0 0.0))
((2 5 d i 4) (4 2 i d 5))
((i 2 5 1 0.0 4 7) (0.0 4 2 7 1 5 i))
((5 7 d 2 9.0 i) (5 i 7 2 9.0 d))
((1 i 7 2 9.0 d) (1 9.0 2 7 d i))
((4 9.0 i 6.0 d 5) (6.0 4 9.0 5 d i))
((6.0 0.0 2 5 d 9.0 i 1) (9.0 2 0.0 i 5 1 d 6.0))
((5 d 2 1 i 0.0 6.0) (1 0.0 2 i 5 6.0 d))
((i 2 5 1 6.0 4 0.0) (4 5 6.0 i 2 1 0.0))
((1 7 9.0 6.0 5) (5 9.0 6.0 1 7))
((6.0 i 1 d 2 9.0) (i 2 6.0 9.0 d 1))
((i 1 6.0 d 4 9.0) (6.0 d 9.0 4 i 1))
((6.0 d 5 0.0 7 2) (5 7 2 0.0 d 6.0))
((0.0 9.0 i 2 6.0 d 7) (2 i 7 6.0 0.0 9.0 d))
((5 i 9.0 2 4 d 0.0 7) (i 7 2 d 5 9.0 4 0.0))
((0.0 9.0 2 4 i 6.0 d) (0.0 2 6.0 i 4 d 9.0))
((2 1 d 6.0 i 0.0 5 9.0) (d 0.0 5 9.0 6.0 i 1 2))
((5 2 7 i 6.0 9.0 0.0) (0.0 2 9.0 6.0 7 5 i))
((7 0.0 6.0 9.0 1 4) (6.0 0.0 7 1 4 9.0))
((5 9.0 0.0 1 4 6.0 7) (5 7 9.0 4 1 0.0 6.0))
((9.0 4 5 0.0 i 2) (0.0 2 4 5 i 9.0))
((5 i 6.0 0.0 1 2) (0.0 2 i 1 6.0 5))
((5 2 9.0 7 0.0 i 1) (5 0.0 1 2 7 9.0 i))
((0.0 i 7 d 6.0 4 2 9.0) (d 0.0 7 4 i 2 9.0 6.0))
((2 9.0 1 d i 0.0) (i 2 1 d 9.0 0.0))
((4 9.0 0.0 1 d 7 2) (9.0 0.0 d 2 1 7 4))
((i 7 2 0.0 6.0 4) (i 7 4 2 0.0 6.0))
((2 5 6.0 9.0 4 i 7 1) (1 9.0 4 5 2 7 i 6.0))
((1 9.0 i 4 d 0.0) (i 0.0 9.0 d 4 1))
((d i 5 2 9.0 1 4) (9.0 1 5 2 d 4 i))
((4 2 7 i d 0.0) (2 7 i d 0.0 4))
((9.0 1 6.0 0.0 2) (0.0 9.0 2 1 6.0))
((7 4 5 6.0 d 1 i) (1 4 7 i 5 d 6.0))
((6.0 i 1 d 4 9.0) (d 6.0 9.0 4 1 i))
((7 d 2 1 9.0 5 6.0) (5 d 9.0 2 6.0 7 1))
((9.0 7 i 4 1 6.0 5) (7 4 9.0 6.0 1 i 5))
((7 1 4 0.0 d) (0.0 d 4 1 7))
((d i 4 2 9.0 5) (5 9.0 4 2 d i))
((9.0 7 1 6.0 i 0.0 4) (4 0.0 6.0 i 1 7 9.0))
((2 4 9.0 0.0 5 d) (0.0 9.0 d 5 2 4))
((5 1 d 6.0 2 4) (d 6.0 5 4 1 2))
((4 5 6.0 1 9.0) (1 9.0 5 4 6.0))
((i 1 2 9.0 6.0 d) (9.0 i 1 d 2 6.0))
((i 5 4 d 1 9.0 0.0) (5 9.0 d i 0.0 4 1))
((4 1 7 5 6.0 2) (1 6.0 2 4 5 7))
((7 1 d 5 i 6.0 4 9.0) (9.0 4 5 7 d 6.0 i 1))
((4 7 6.0 0.0 9.0 d) (7 0.0 d 6.0 4 9.0))
((4 7 9.0 2 i 0.0) (i 4 9.0 2 7 0.0))
((1 i 5 0.0 4 9.0 6.0 2) (5 1 2 0.0 6.0 i 9.0 4))
((7 4 6.0 9.0 d 1 i) (6.0 4 i 1 d 7 9.0))
((0.0 2 6.0 5 d i) (2 i 0.0 5 6.0 d))
((6.0 4 d 7 i 1 0.0) (d 6.0 i 7 1 4 0.0))
((6.0 5 i 9.0 4 d 2) (9.0 2 6.0 i 5 d 4))
((i 6.0 4 2 1) (1 2 4 i 6.0))
((4 1 d 7 9.0 6.0 2) (4 d 7 9.0 1 2 6.0))
((0.0 6.0 7 d 5 9.0 i) (0.0 5 d i 7 6.0 9.0))
((0.0 d i 2 1 4) (1 d 0.0 4 2 i))
((2 0.0 1 9.0 4 5 6.0 d) (5 6.0 1 4 d 0.0 2 9.0))
((1 0.0 2 5 6.0) (2 6.0 0.0 5 1))
((d 1 2 i 9.0 6.0 0.0) (2 0.0 9.0 d i 1 6.0))
((5 6.0 9.0 i 1 0.0 2 7) (1 7 0.0 5 i 9.0 2 6.0))
((i 0.0 5 6.0 4 7 d) (6.0 i 5 0.0 7 4 d))
((i 7 2 d 1 6.0) (i d 7 6.0 2 1))
((9.0 0.0 4 2 5 6.0) (5 9.0 2 4 0.0 6.0))
((5 6.0 d 7 1 2) (6.0 d 5 2 1 7))
((d 2 5 0.0 7 i 6.0) (2 6.0 i 5 0.0 d 7))
((0.0 d 2 i 1 9.0 7) (1 i 7 2 d 0.0 9.0))
((1 i 6.0 4 7 2 0.0 9.0) (0.0 4 2 7 1 9.0 i 6.0))
((2 5 9.0 7 1 4) (2 9.0 4 7 1 5))
((7 6.0 0.0 4 5 i 9.0) (0.0 5 9.0 6.0 i 4 7))
((5 d 9.0 7 i 2) (d 5 9.0 2 i 7))
((i 9.0 0.0 4 6.0 5 2) (i 0.0 9.0 2 5 6.0 4))
((1 9.0 7 d 0.0 4) (4 0.0 7 d 9.0 1))
((i 1 5 4 2 7) (7 i 2 5 4 1))
((7 5 d i 0.0 6.0) (d 6.0 i 0.0 5 7))
((6.0 2 d 5 i) (2 i d 5 6.0))
((d 6.0 4 i 7) (7 d i 4 6.0))
((6.0 5 2 9.0 0.0 d) (2 9.0 d 0.0 6.0 5))
((7 0.0 4 2 1 i 6.0 9.0 d) (2 7 1 d i 4 0.0 9.0 6.0))
((i 6.0 d 9.0 0.0 1 7) (d 6.0 1 7 9.0 i 0.0))
((2 0.0 1 6.0 d 4 i) (2 i 1 d 6.0 4 0.0))
((d 9.0 2 1 4 6.0) (9.0 d 6.0 2 1 4))
((4 d 0.0 2 7) (7 2 0.0 4 d))
((6.0 7 i d 1 4) (1 6.0 i 7 4 d))
((1 5 i 7 4 0.0) (i 5 0.0 7 1 4))
((6.0 i 2 0.0 5 7) (2 i 0.0 7 5 6.0))
((5 1 7 0.0 2 i d 4) (5 0.0 7 d i 4 2 1))
((0.0 5 6.0 1 4 9.0) (1 9.0 4 6.0 0.0 5))
((i 7 4 2 0.0 5) (0.0 2 4 5 7 i))
((d i 5 7 2 6.0 0.0) (2 7 0.0 i 5 d 6.0))
((i 0.0 4 5 1) (5 1 0.0 4 i))
((4 1 5 i 9.0) (9.0 5 4 1 i))
((1 7 i 4 6.0) (4 i 7 6.0 1))
((7 i 2 d 1 0.0 9.0) (d 2 0.0 9.0 i 1 7))
((1 i 7 4 9.0 6.0 0.0 2) (0.0 7 1 4 i 6.0 9.0 2))
((d 6.0 7 9.0 2 1 i) (9.0 d 2 i 6.0 7 1))
((4 i 7 9.0 6.0 1 2 0.0) (9.0 0.0 2 6.0 i 4 1 7))
((1 4 0.0 i d) (0.0 d 1 4 i))
((1 d 2 0.0 9.0 7 i) (7 9.0 2 1 d i 0.0))
((0.0 9.0 6.0 4 1) (6.0 9.0 1 0.0 4))
((d 7 4 1 i 0.0 6.0) (7 d i 1 6.0 4 0.0))
((0.0 4 7 i d 5) (5 i 7 0.0 4 d))
((4 i 6.0 d 0.0 2 9.0) (9.0 0.0 4 2 6.0 i d))
((0.0 i 1 6.0 2 4 7) (2 7 6.0 i 1 0.0 4))
((0.0 9.0 2 i 5) (5 i 0.0 9.0 2))
((0.0 i 5 4 9.0 6.0 1) (1 4 6.0 i 5 9.0 0.0))
((4 5 7 1 2 d) (d 4 2 1 5 7))
((0.0 2 6.0 5 i 7 d) (6.0 d 5 i 0.0 7 2))
((9.0 6.0 2 0.0 7 d 5) (0.0 d 7 9.0 5 6.0 2))
((1 5 2 i 0.0 d) (5 0.0 1 d 2 i))
((d i 0.0 5 4 1 2 7 6.0) (6.0 4 7 5 i 0.0 1 2 d))
((7 6.0 9.0 i 4) (6.0 i 9.0 7 4))
((2 7 0.0 d 1) (d 1 0.0 2 7))
((7 1 d 9.0 i 2 0.0) (7 i 9.0 0.0 1 d 2))
((0.0 6.0 9.0 5 4 d 1 2) (d 9.0 0.0 1 5 4 6.0 2))
((5 9.0 4 2 6.0 7 d 0.0 1) (2 4 9.0 5 0.0 6.0 d 1 7))
((1 7 2 6.0 4 5 d) (5 4 2 6.0 1 7 d))
((4 7 1 2 i d 9.0 0.0) (4 7 i d 2 9.0 0.0 1))
((4 0.0 1 9.0 i) (0.0 9.0 i 1 4))
((i 0.0 4 7 d 9.0) (7 d 0.0 9.0 4 i))
((d 6.0 2 1 i 5 0.0 7) (d 6.0 1 2 7 0.0 i 5))
((5 1 d 7 4 6.0) (1 5 6.0 d 4 7))
((5 2 7 0.0 i 1 d) (2 7 5 0.0 1 i d))
((0.0 5 6.0 i 7 9.0 4) (0.0 7 9.0 4 6.0 5 i))
((1 2 i 0.0 5) (5 i 2 0.0 1))
((0.0 i 5 d 4 2) (d 5 i 0.0 4 2))
((5 i 4 0.0 2 7) (7 0.0 i 4 5 2))
((1 d 2 i 6.0 0.0) (i 1 0.0 d 2 6.0))
((6.0 9.0 4 d 0.0 1 2 5) (6.0 1 2 0.0 5 4 9.0 d))
((5 9.0 6.0 0.0 4) (0.0 4 5 6.0 9.0))
((7 6.0 5 4 0.0 d 2) (6.0 4 d 7 0.0 2 5))
((0.0 i 4 1 6.0) (0.0 i 1 4 6.0))
((2 4 1 9.0 0.0 7 d) (9.0 0.0 1 2 7 d 4))
((i 4 2 1 d 6.0) (6.0 i 4 1 d 2))
((9.0 2 d 0.0 1 5 4) (5 0.0 4 2 d 1 9.0))
((0.0 5 6.0 2 7 4) (5 2 0.0 6.0 4 7))
((7 6.0 4 9.0 5 i d 0.0) (4 7 i 0.0 5 6.0 d 9.0))
((9.0 5 2 1 6.0) (5 2 6.0 9.0 1))
((i d 6.0 9.0 5 7) (9.0 7 i 5 d 6.0))
((2 7 1 d 5 6.0) (7 1 d 2 5 6.0))
((9.0 6.0 i 7 2 5 d) (5 9.0 2 d 7 6.0 i))
((7 i 4 d 5) (4 7 5 d i))
((4 i 1 7 d 0.0 2) (7 2 d 1 4 i 0.0))
((4 1 7 0.0 6.0 d 2) (1 d 2 0.0 7 4 6.0))
((6.0 4 i 9.0 1 7 d) (d 9.0 4 7 1 i 6.0))
((d 2 i 0.0 9.0 7 1) (7 1 d i 0.0 9.0 2))
((2 d i 9.0 0.0) (9.0 0.0 i 2 d))
((2 6.0 4 1 7 0.0 5) (0.0 1 4 6.0 2 7 5))
((6.0 9.0 d 1 7 4) (9.0 4 7 6.0 1 d))
((7 0.0 i 6.0 9.0 1) (6.0 9.0 7 0.0 i 1))
((1 4 5 2 7 i d) (1 d 2 5 i 4 7))
((7 0.0 d 9.0 2 5) (9.0 0.0 2 d 7 5))
((9.0 d 5 1 0.0 6.0 i) (i d 0.0 6.0 9.0 5 1))
((9.0 d 6.0 4 0.0 1 2) (6.0 9.0 0.0 4 2 1 d))
((7 1 0.0 i 9.0 d 4) (4 0.0 9.0 d 1 7 i))
((9.0 2 6.0 4 1 i 5) (9.0 5 4 2 1 6.0 i))
((4 i 2 7 5 1 6.0) (6.0 i 4 2 5 7 1))
((d i 2 5) (2 5 d i))
((i 5 9.0 1 4 7 2) (i 2 7 4 9.0 1 5))
((d 4 7 9.0 6.0 2 1) (d 9.0 6.0 1 7 2 4))
((9.0 6.0 0.0 1 5 i 7) (i 0.0 1 5 9.0 6.0 7))
((0.0 i d 6.0 2 5 4) (5 d 4 i 0.0 2 6.0))
((6.0 7 5 1 0.0 9.0 2 d) (6.0 5 1 7 2 0.0 9.0 d))
((6.0 i 1 0.0 d 4) (0.0 4 i 1 d 6.0))
((i 2 1 7 5) (2 7 1 5 i))
((0.0 d 7 5 9.0) (d 9.0 5 0.0 7))
((4 1 6.0 5 7 2) (5 4 6.0 7 1 2))
((4 6.0 9.0 7 1 0.0 d i) (d i 1 7 4 0.0 6.0 9.0))
((5 0.0 9.0 4 1 2 i 7) (2 7 4 i 1 5 9.0 0.0))
((6.0 1 9.0 4 d i 0.0 7) (0.0 9.0 d 4 1 i 7 6.0))
((5 1 i 7 6.0 d) (6.0 d 7 1 5 i))
((5 i d 4 6.0 9.0 7 1 2) (7 6.0 5 1 9.0 d 4 i 2))
((1 7 5 6.0 i 2 d) (i d 5 1 2 7 6.0))
((2 5 6.0 9.0 1 7 i) (9.0 6.0 i 5 2 1 7))
((7 i 5 2 0.0 4 1) (4 5 2 1 7 i 0.0))
((d 7 1 6.0 4 5) (7 4 5 1 6.0 d))
((d 4 6.0 2 0.0 7 5) (5 2 d 6.0 0.0 7 4))
((4 7 6.0 5 0.0 d i) (7 6.0 i d 0.0 4 5))
((d 7 0.0 9.0 4) (d 7 0.0 4 9.0))
((7 1 5 i 2 6.0 9.0) (i 1 9.0 5 2 7 6.0))
((4 0.0 1 6.0 d 7) (4 6.0 d 0.0 7 1))
((4 6.0 5 2 1 9.0 d) (9.0 1 6.0 4 2 d 5))
((2 4 1 9.0 i 0.0 6.0 d) (6.0 i 1 d 4 2 0.0 9.0))
((4 6.0 9.0 0.0 2 d 5) (5 2 4 0.0 6.0 9.0 d))
((i 1 4 7 6.0 5) (4 1 6.0 5 i 7))
((4 1 i 0.0 2 d) (0.0 1 2 i d 4))
((i 9.0 0.0 4 1 7 d) (d 7 4 9.0 1 0.0 i))
((0.0 6.0 i 1 4 9.0 d) (1 6.0 4 0.0 i d 9.0))
((d 2 1 5 0.0 9.0 7) (7 9.0 2 0.0 d 5 1))
((5 7 0.0 9.0 d 4 1) (d 7 1 5 9.0 4 0.0))
((7 d 6.0 i 2 4) (7 d i 4 2 6.0))
((4 0.0 1 2 6.0 5) (2 5 0.0 4 6.0 1))
((5 4 9.0 d 2 0.0) (5 9.0 d 4 2 0.0))
((7 i 1 4 2 5 9.0) (4 2 i 5 1 7 9.0))
((9.0 4 1 7 d i 2) (9.0 1 d 2 7 i 4))
((i 6.0 5 1 4 2 d 0.0) (0.0 4 2 5 d 6.0 i 1))
((6.0 4 i 2 d 7 5 1) (i 7 2 1 d 5 4 6.0))
((1 7 5 2 0.0 6.0 i 4) (7 6.0 5 2 1 4 i 0.0))
((0.0 9.0 1 5 4 d 2) (d 9.0 4 0.0 1 5 2))
((0.0 4 6.0 1 7 9.0) (4 7 9.0 6.0 1 0.0))
((4 6.0 0.0 i 9.0 2 d 1) (6.0 0.0 9.0 2 i 4 d 1))
((4 i 1 5 0.0 d 7) (1 i 4 0.0 5 7 d))
((1 d 5 2 9.0 6.0) (6.0 d 1 2 9.0 5))
((9.0 7 0.0 2 d 4) (4 0.0 7 d 2 9.0))
((d 1 5 9.0 2 4 0.0) (d 1 2 9.0 5 4 0.0))
((d i 5 7 1 0.0) (1 d i 0.0 7 5))
((9.0 7 1 5 0.0 2 6.0) (7 6.0 2 9.0 0.0 5 1))
((5 7 2 6.0 d 9.0 1) (d 6.0 1 7 9.0 2 5))
((4 7 d 2 9.0 6.0) (d 6.0 4 7 9.0 2))
((4 d 9.0 7 0.0 5 i) (4 0.0 9.0 d i 5 7))
((i 5 1 2 0.0 9.0 d) (9.0 d 5 i 0.0 2 1))
((4 d 2 5 7) (2 7 d 4 5))
((9.0 4 2 d 1 0.0 6.0) (9.0 0.0 2 1 6.0 4 d))
((9.0 d 5 0.0 1 i) (i 1 9.0 5 d 0.0))
((9.0 2 5 i 7 1 4) (2 1 5 7 i 9.0 4))
((6.0 4 i 1 0.0 d 9.0 5) (i 6.0 9.0 1 0.0 d 5 4))
((0.0 i d 5 2 6.0) (i 6.0 2 5 0.0 d))
((9.0 4 5 1 d 6.0) (6.0 9.0 5 1 d 4))
((1 2 5 i 4 7 d) (i 5 d 7 1 4 2))
((7 9.0 6.0 i 2) (2 6.0 i 9.0 7))
((5 6.0 i 2 d) (i 6.0 d 5 2))
((1 5 9.0 4 7 d i 6.0) (i 6.0 d 9.0 4 5 1 7))
((5 7 d 2 4 0.0) (0.0 7 5 2 4 d))
((i 4 d 6.0 1 0.0) (d 6.0 1 0.0 4 i))
((i 1 4 6.0 5 d 2 0.0 7) (6.0 7 i 0.0 4 d 1 2 5))
((9.0 5 7 2 4 6.0) (4 7 2 6.0 5 9.0))
((1 4 2 d 5 7 6.0) (6.0 4 7 d 1 2 5))
((9.0 7 5 2) (7 2 5 9.0))
((1 4 9.0 5 0.0 d) (4 0.0 9.0 5 1 d))
((6.0 d 4 1 7) (6.0 4 7 1 d))
((4 7 i d 9.0 1) (d 9.0 7 1 4 i))
((6.0 1 i 9.0 4 7 5) (i 7 9.0 4 1 6.0 5))
((d 2 0.0 7 6.0 1) (1 d 0.0 7 6.0 2))
((1 0.0 7 i 5 6.0 d) (i 1 0.0 7 5 6.0 d))
((2 i 0.0 9.0 d 1 4 6.0) (d 9.0 4 0.0 i 2 1 6.0))
((0.0 5 i 6.0 7) (i 6.0 0.0 7 5))
((7 4 5 d i 0.0 2) (4 0.0 7 i 2 5 d))
((d 1 i 0.0 2 6.0) (0.0 1 2 6.0 i d))
((0.0 d 9.0 5 2) (5 9.0 d 0.0 2))
((d 5 2 7 1 0.0) (1 5 0.0 7 d 2))
((d 0.0 7 4 5 2 9.0) (2 0.0 9.0 4 7 5 d))
((5 2 i d 9.0 4 0.0) (4 i 9.0 d 2 5 0.0))
((2 4 i 6.0 1 9.0) (i 9.0 4 6.0 1 2))
((2 d 9.0 5 4 6.0) (6.0 2 d 4 9.0 5))
((6.0 2 4 9.0 d 7 i) (d 7 4 i 9.0 6.0 2))
((i 5 7 4 d 6.0 0.0 1) (7 i d 0.0 4 5 6.0 1))
((6.0 d 7 0.0 1 9.0) (6.0 1 7 d 0.0 9.0))
((d 4 7 0.0 5 i 9.0) (d 7 i 9.0 0.0 5 4))
((1 5 0.0 2 d 7 6.0) (d 5 1 6.0 7 2 0.0))
((9.0 6.0 7 d 2 0.0 5) (7 6.0 9.0 0.0 5 2 d))
((7 1 6.0 d 9.0 i 4) (1 7 4 d 6.0 i 9.0))
((d i 2 0.0 5 1) (5 1 i 2 d 0.0))
((6.0 4 5 2 d 1 0.0) (d 5 1 0.0 6.0 4 2))
((1 9.0 2 5 i) (5 1 i 9.0 2))
((2 i 1 5 9.0 d) (5 9.0 i d 2 1))
((9.0 4 2 1 d 5) (9.0 1 d 2 5 4))
((d 7 4 9.0 1 0.0) (d 0.0 1 7 9.0 4))
((5 7 9.0 i 2 6.0) (i 7 2 9.0 5 6.0))
((1 0.0 5 2 d) (1 d 2 5 0.0))
((1 7 2 i 6.0) (1 6.0 2 i 7))
((0.0 5 6.0 7 d 1) (6.0 d 5 7 1 0.0))
((i 2 6.0 1 9.0 5 d) (1 d 9.0 2 i 6.0 5))
((d 4 i 7 1 0.0 6.0) (1 6.0 4 d 7 i 0.0))
((0.0 d i 5 6.0) (6.0 d 5 0.0 i))
((6.0 2 d 5 1 4) (4 5 1 d 2 6.0))
((9.0 d 7 6.0 1 4) (1 9.0 d 4 6.0 7))
((7 4 9.0 6.0 1 0.0 i d) (0.0 d 4 i 9.0 1 7 6.0))
((9.0 4 i 1 d 2 7 6.0) (4 9.0 7 6.0 d i 1 2))
((7 6.0 1 9.0 d 4 2 5) (1 d 7 9.0 5 2 6.0 4))
((4 d 0.0 6.0 7 9.0 1 i) (9.0 i d 0.0 7 6.0 1 4))
((7 4 6.0 5 2 d 0.0) (0.0 d 5 7 4 2 6.0))
((1 9.0 4 0.0 i 6.0 7) (7 1 0.0 i 9.0 6.0 4))
((1 0.0 4 5 6.0 d) (1 5 0.0 4 d 6.0))
((9.0 7 d 6.0 0.0 5) (7 0.0 9.0 6.0 5 d))
((9.0 1 5 4 d 6.0 0.0) (4 0.0 6.0 5 1 d 9.0))
((i 5 9.0 6.0 4 d 7) (4 i d 6.0 9.0 7 5))
((0.0 6.0 5 d 1) (1 0.0 d 5 6.0))
((0.0 7 6.0 d 1 9.0 2) (d 1 9.0 0.0 2 6.0 7))
((9.0 i 4 d 1 7) (d 9.0 7 i 4 1))
((1 i 5 9.0 6.0 0.0) (i 5 9.0 6.0 0.0 1))
((d i 0.0 9.0 1 2) (0.0 2 d 1 9.0 i))
((5 2 4 d 9.0 6.0 i 1) (5 d 2 4 1 i 6.0 9.0))
((6.0 4 5 9.0 0.0 7 2) (9.0 6.0 4 2 5 7 0.0))
((i 0.0 2 6.0 5 d) (0.0 5 i d 2 6.0))
((0.0 2 d 5 4 i 7) (d 5 2 7 4 i 0.0))
((4 d 0.0 7 1 2) (7 1 d 4 2 0.0))
((7 4 9.0 i 1 d) (1 d 7 i 9.0 4))
((9.0 5 2 0.0 i 4 6.0 7) (6.0 i 5 0.0 4 7 9.0 2))
((5 6.0 2 7 d 0.0) (7 6.0 5 0.0 d 2))
((4 0.0 1 5 7) (1 4 0.0 7 5))
((7 4 d 1 i 0.0 9.0) (9.0 i 0.0 d 7 1 4))
((4 0.0 9.0 7 d) (7 0.0 9.0 4 d))
((5 6.0 4 i 0.0 9.0) (4 0.0 i 5 9.0 6.0))
((2 i 0.0 1 7 5) (i 0.0 1 7 5 2))
((i d 2 5 1 0.0 7) (2 d 1 i 0.0 7 5))
((d 7 i 5 9.0 2) (9.0 2 7 i d 5))
((1 5 4 d 0.0 2) (4 d 2 5 0.0 1))
((4 5 6.0 d 1 0.0 9.0 7) (0.0 7 6.0 9.0 1 d 5 4))
((6.0 9.0 2 1 5 i d 0.0) (i 6.0 5 1 2 0.0 d 9.0))
((6.0 2 5 4) (6.0 4 2 5))
((5 7 2 4 1 9.0 d) (2 5 7 d 4 1 9.0))
((1 i d 4 0.0 2) (i 0.0 2 d 1 4))
((2 7 5 4 0.0 6.0 i) (6.0 5 2 4 7 i 0.0))
((5 9.0 d 2 4 0.0 1) (0.0 4 5 1 9.0 2 d))
((4 5 0.0 6.0 2) (6.0 0.0 2 5 4))
((5 0.0 i 7 d 4 9.0 6.0) (4 i 6.0 d 7 9.0 0.0 5))
((7 6.0 4 2 d 9.0) (2 9.0 4 d 6.0 7))
((d i 7 0.0 4 9.0 5) (4 d 7 0.0 9.0 i 5))
((i 9.0 0.0 5 4 6.0 7) (i 5 0.0 6.0 9.0 7 4))
((6.0 1 0.0 d 7 2 4) (2 0.0 1 6.0 4 7 d))
((5 9.0 d 0.0 i 1) (5 d 9.0 i 1 0.0))
((2 0.0 4 9.0 d 5) (2 9.0 d 0.0 5 4))
((9.0 7 6.0 i 2) (i 6.0 2 9.0 7))
((1 i 2 9.0 5 d) (5 2 i 1 d 9.0))
((7 d 5 0.0 6.0 9.0) (7 0.0 9.0 5 d 6.0))
((5 1 i 4 0.0 7 6.0 d) (1 6.0 d i 5 0.0 4 7))
((d i 9.0 7 0.0 2 6.0 5) (9.0 5 d 2 0.0 7 i 6.0))
((1 4 9.0 5 2) (9.0 2 4 5 1))
((9.0 d 4 2 6.0 1 5) (9.0 6.0 4 1 2 5 d))
((1 5 d 7 4 i 6.0 2) (d 1 6.0 2 4 i 7 5))
((9.0 6.0 4 2 1 i) (2 1 4 9.0 6.0 i))
((7 9.0 6.0 d 4 2 1) (6.0 7 d 4 2 9.0 1))
((7 6.0 0.0 9.0 i 5) (7 0.0 i 9.0 6.0 5))
((0.0 5 i 7 2 9.0) (7 i 0.0 5 9.0 2))
((5 d 2 1 6.0 0.0 7 i) (7 i 6.0 1 d 5 0.0 2))
((7 9.0 1 6.0 2 i 5) (5 9.0 6.0 7 2 1 i))
((5 6.0 7 i 1 9.0 d) (d 5 i 9.0 1 7 6.0))
((1 4 9.0 6.0 2 i 5 0.0) (9.0 i 4 5 0.0 6.0 2 1))
((d 2 7 9.0 1 i) (1 i 2 9.0 7 d))
((5 6.0 1 4 9.0 7) (6.0 9.0 4 5 1 7))
((4 i 6.0 7 9.0 2 1) (9.0 2 7 6.0 4 i 1))
((2 1 0.0 9.0 i d 7 5) (7 d i 9.0 0.0 5 2 1))
((d 6.0 1 7 9.0 4) (4 d 6.0 9.0 1 7))
((4 0.0 6.0 7 2 d 1 5 9.0) (2 0.0 6.0 4 7 9.0 1 5 d))
((7 2 6.0 d 9.0) (9.0 d 7 6.0 2))
((6.0 2 1 0.0 7 4) (6.0 7 1 0.0 2 4))
((5 6.0 7 d 0.0 9.0 1) (6.0 7 0.0 d 1 5 9.0))
((7 2 5 4 1 0.0 i) (5 1 2 0.0 4 7 i))
((7 4 d 0.0 2 1 6.0 i) (1 i d 4 0.0 6.0 7 2))
((0.0 6.0 5 9.0 1 2) (1 2 0.0 5 9.0 6.0))
((2 0.0 d 9.0 4 i 6.0) (6.0 i 2 9.0 4 d 0.0))
((0.0 2 5 4 d i) (0.0 4 d i 2 5))
((4 i 7 0.0 1 d) (d 4 0.0 i 1 7))
((i 5 7 0.0 2 1 6.0) (1 6.0 2 5 7 0.0 i))
((5 7 i 1 6.0 d 2) (7 i 5 2 1 6.0 d))
((4 9.0 6.0 2 0.0 d) (6.0 0.0 2 d 4 9.0))
((2 i 6.0 d 4 7 1) (i 7 1 4 d 6.0 2))
((5 7 0.0 6.0 i d 2) (d 0.0 6.0 2 i 7 5))
((9.0 7 0.0 1 4 6.0) (0.0 6.0 9.0 4 7 1))
((0.0 1 4 5 6.0 i 7 d 9.0) (5 9.0 1 7 d i 0.0 4 6.0))
((1 d 2 5 4 0.0) (1 d 4 2 0.0 5))
((0.0 6.0 1 9.0 7 5 2 4) (2 5 6.0 7 9.0 4 0.0 1))
((2 d 4 i 1 7 9.0) (9.0 1 4 d 2 7 i))
((d i 6.0 1 5 0.0) (d 1 5 0.0 i 6.0))
((4 0.0 6.0 2 7) (7 4 6.0 0.0 2))
((d i 0.0 4 9.0 5) (9.0 5 4 0.0 i d))
((5 0.0 6.0 4 i 2 d 9.0) (5 9.0 6.0 4 0.0 2 d i))
((1 i 9.0 4 6.0 2) (9.0 2 4 i 6.0 1))
((0.0 i d 7 9.0 4) (d i 0.0 4 9.0 7))
((0.0 9.0 1 d 4 7 5 i) (9.0 5 i d 4 1 0.0 7))
((d 4 i 7 1 0.0 5 2 9.0) (2 i 1 0.0 4 5 7 9.0 d))
((2 d 7 i 0.0 4 1 9.0) (7 d 2 4 9.0 0.0 i 1))
((1 9.0 i 6.0 0.0 7 5) (1 9.0 7 5 6.0 i 0.0))
((9.0 2 7 1 4 6.0 d) (6.0 1 7 d 4 9.0 2))
((2 1 6.0 4 7 i 9.0 0.0) (2 9.0 0.0 6.0 4 7 i 1))
((2 4 5 9.0 6.0 1) (1 9.0 2 4 5 6.0))
((1 6.0 9.0 7 2 5 i) (i 9.0 5 1 6.0 7 2))
((4 9.0 6.0 7 5 0.0 d) (4 6.0 9.0 0.0 7 d 5))
((i 5 6.0 4 0.0 7 1) (0.0 1 4 6.0 i 5 7))
((7 4 0.0 5 2 9.0) (2 9.0 0.0 4 5 7))
((i 1 4 2 d 7) (4 i d 7 1 2))
((d 6.0 2 7 0.0 9.0) (7 d 6.0 2 0.0 9.0))
((6.0 d 9.0 1 5) (1 5 6.0 9.0 d))
((i 5 7 6.0 9.0 4) (5 7 i 6.0 4 9.0))
((7 5 d 6.0 1 4) (7 1 4 5 6.0 d))
((9.0 5 d 1 4 0.0) (9.0 4 d 0.0 5 1))
((2 i 4 d 5 1) (2 i d 5 1 4))
((4 9.0 d 7 0.0 1 5) (9.0 4 d 1 5 0.0 7))
((6.0 2 d 5 0.0) (0.0 5 d 6.0 2))
((7 i 6.0 d 5) (d i 6.0 7 5))
((0.0 i 9.0 d 2 1 6.0) (9.0 d i 0.0 6.0 2 1))
((6.0 1 d 0.0 9.0 4 7) (6.0 9.0 1 d 0.0 7 4))
((9.0 0.0 6.0 7 i 1 d) (6.0 i 0.0 d 7 1 9.0))
((4 d 6.0 i 0.0 7) (0.0 d i 4 6.0 7))
((i d 2 0.0 1 4) (0.0 1 2 4 i d))
((2 4 5 1 i 0.0 d) (5 0.0 4 i 1 2 d))
((7 d 4 9.0 1 2 6.0 i) (i d 9.0 6.0 4 7 1 2))
((d 1 7 0.0 5 9.0) (5 7 1 0.0 9.0 d))
((i 0.0 7 4 5 6.0 9.0) (6.0 0.0 9.0 5 4 i 7))
((5 2 d 0.0 i 4 6.0) (4 0.0 d i 6.0 5 2))
((1 0.0 d 9.0 4 7 6.0) (4 d 1 6.0 0.0 7 9.0))
((6.0 2 7 5 1 d) (7 6.0 d 2 1 5))
((9.0 4 i 6.0 1 5) (1 i 5 9.0 4 6.0))
((9.0 0.0 6.0 i 5 4 2) (9.0 4 0.0 2 5 6.0 i))
((6.0 5 7 d 1 i 2 9.0) (6.0 2 d 7 5 9.0 i 1))
((6.0 4 9.0 2 5 d 7) (9.0 d 4 6.0 2 5 7))
((7 9.0 i 5 2 0.0) (2 0.0 9.0 7 5 i))
((4 7 9.0 6.0 d 2 0.0) (9.0 7 2 d 6.0 4 0.0))
((2 5 7 4 0.0 1 d 9.0) (5 4 0.0 1 7 2 d 9.0))
((0.0 1 9.0 4 6.0 7) (7 6.0 4 9.0 1 0.0))
((0.0 4 9.0 6.0 d 1 2) (1 6.0 4 9.0 2 0.0 d))
((i d 6.0 1 5 4 7) (4 d i 6.0 7 5 1))
((7 9.0 d 4 0.0 i) (d 0.0 7 9.0 4 i))
((4 5 d 2 9.0 6.0 1) (d 5 9.0 6.0 4 1 2))
((7 9.0 4 2 1 d) (1 4 d 9.0 7 2))
((5 7 2 4 1 6.0) (7 2 1 5 4 6.0))
((1 7 4 i 9.0 0.0 2) (0.0 7 2 9.0 1 4 i))
((2 5 9.0 6.0 d i 1) (d i 2 6.0 5 1 9.0))
((7 1 6.0 5 9.0 4) (5 6.0 9.0 4 1 7))
((i 6.0 d 7 0.0 9.0 4) (7 6.0 0.0 9.0 d 4 i))
((0.0 5 4 1 9.0 2 d) (2 1 9.0 5 d 4 0.0))
((7 6.0 4 9.0 0.0 i) (9.0 4 7 i 6.0 0.0))
((5 0.0 2 4 7 d 1 6.0) (2 5 7 4 6.0 d 0.0 1))
((0.0 4 9.0 5 1) (0.0 4 1 9.0 5))
((9.0 7 0.0 1 2 d) (d 0.0 7 9.0 2 1))
((5 2 9.0 1 d i 6.0 4) (d 2 9.0 1 6.0 4 5 i))
((d 2 6.0 9.0 1 i 4 0.0) (2 6.0 4 1 0.0 i d 9.0))
((6.0 2 4 d i 7) (d 2 6.0 i 7 4))
((9.0 5 7 2 d 4 i) (7 5 2 d 4 9.0 i))
((9.0 5 6.0 2 4 0.0) (4 9.0 2 6.0 5 0.0))
((4 1 6.0 9.0 d 2) (6.0 d 2 1 9.0 4))
((2 d 1 6.0 5 7 4) (1 5 7 4 d 6.0 2))
((i 5 1 0.0 7 d) (d 7 5 0.0 i 1))
((5 i 4 1 9.0) (5 1 i 4 9.0))
((5 7 i 2 0.0 9.0 6.0) (i 6.0 0.0 5 9.0 2 7))
((9.0 i 1 7 4 0.0) (i 9.0 4 1 7 0.0))
((6.0 d 0.0 9.0 7 5 4 1) (9.0 5 6.0 0.0 4 7 1 d))
((0.0 5 6.0 1 i 4) (0.0 1 i 6.0 4 5))
((7 6.0 1 d 4 9.0) (1 9.0 7 d 4 6.0))
((6.0 9.0 5 0.0 1 d i) (i 0.0 9.0 1 5 6.0 d))
((i 0.0 6.0 d 1 4) (0.0 d 4 6.0 1 i))
((i 0.0 1 7 6.0 5) (5 0.0 7 i 1 6.0))
((0.0 4 i d 5 2 9.0 6.0) (i 6.0 d 4 0.0 9.0 5 2))
((9.0 7 6.0 0.0 1 d 4 i) (i d 9.0 4 1 6.0 0.0 7))
((5 6.0 i 9.0 4 0.0) (4 0.0 i 6.0 5 9.0))
((5 i d 0.0 7 4 2) (2 0.0 7 i d 5 4))
((4 9.0 0.0 5 2 7) (5 4 9.0 7 2 0.0))
((9.0 5 4 i 0.0 2 7) (4 2 i 7 0.0 5 9.0))
((4 9.0 7 0.0 i 1 d) (1 9.0 i d 4 7 0.0))
((6.0 d 2 0.0 1 7 9.0) (2 7 9.0 6.0 d 0.0 1))
((7 4 1 5 d 9.0 0.0 6.0) (4 d 7 0.0 5 9.0 1 6.0))
((0.0 6.0 4 9.0 2 d) (d 0.0 9.0 4 2 6.0))
((d 6.0 0.0 5 7) (d 5 6.0 0.0 7))
((i 7 4 2 1 6.0 0.0) (4 i 2 6.0 0.0 1 7))
((2 6.0 5 4 7 9.0) (4 6.0 7 5 9.0 2))
((i 0.0 9.0 7 4 6.0 1) (1 9.0 0.0 4 7 i 6.0))
((0.0 i 4 7 d 5) (4 d i 7 5 0.0))
((1 6.0 7 4 i 5) (i 4 1 5 6.0 7))
((5 6.0 i d 1 0.0 9.0) (9.0 0.0 d 5 i 6.0 1))
((4 i 0.0 6.0 7 2 5) (5 i 2 6.0 0.0 4 7))
((7 i 5 1 6.0 4 2 9.0) (9.0 i 4 2 6.0 5 1 7))
((d 5 9.0 2 1 7) (9.0 5 d 2 7 1))
((d 4 i 5 0.0) (5 i 0.0 d 4))
((i 5 6.0 4 9.0 1) (6.0 4 9.0 1 5 i))
((6.0 7 i d 5 9.0 1) (i 6.0 d 9.0 1 7 5))
((1 0.0 i 5 d) (i 1 0.0 d 5))
((9.0 0.0 d 4 5) (9.0 4 0.0 5 d))
((4 6.0 5 d 0.0 7 2) (2 7 6.0 d 5 0.0 4))
((7 2 d 5 i 1) (5 i 1 2 7 d))
((9.0 4 i 0.0 5 6.0 d 7) (7 i 6.0 d 4 9.0 0.0 5))
((6.0 4 7 5 d i 1) (4 6.0 i 7 5 d 1))
((5 d i 6.0 1 0.0 4 2) (0.0 d 4 5 i 6.0 1 2))
((d 6.0 4 i 1 2) (2 6.0 1 4 i d))
((d 4 1 5 i 7 6.0 2) (i 6.0 4 5 7 2 d 1))
((4 9.0 i 6.0 7 d) (4 6.0 9.0 d i 7))
((7 i 2 d 4) (d 2 4 7 i))
((9.0 1 2 6.0 d 7) (1 6.0 2 9.0 7 d))
((2 6.0 5 d 9.0) (2 6.0 9.0 5 d))
((4 7 6.0 2 0.0 5) (7 6.0 2 4 0.0 5))
((i 2 d 5 7 0.0 1) (1 2 7 0.0 i d 5))
((5 2 9.0 1 0.0 d 6.0) (5 6.0 0.0 9.0 d 1 2))
((6.0 1 4 d 9.0 i) (6.0 i 4 1 d 9.0))
((1 4 i 9.0 2 d) (4 2 9.0 i d 1))
((i 6.0 1 0.0 9.0) (9.0 6.0 i 0.0 1))
((d 7 2 5 9.0 1 4) (1 4 d 7 9.0 2 5))
((i 9.0 7 1 d 2) (2 d 9.0 7 1 i))
((d 5 0.0 6.0 4 i 1 7) (i 5 d 1 4 0.0 7 6.0))
((0.0 7 9.0 d 2 6.0 4) (6.0 2 4 9.0 7 0.0 d))
((0.0 5 4 d 1 7 9.0 2) (7 2 0.0 5 d 9.0 4 1))
((i 5 7 1 d) (i d 5 1 7))
((5 0.0 6.0 7 i 2 4) (6.0 2 i 4 5 0.0 7))
((5 7 1 6.0 d 9.0 0.0 4) (1 0.0 9.0 5 7 6.0 4 d))
((0.0 i d 6.0 5 1 9.0) (0.0 5 i 9.0 6.0 d 1))
((6.0 0.0 9.0 5 i 2 1) (5 6.0 2 9.0 0.0 i 1))
((2 i 9.0 6.0 4 5 7) (6.0 2 9.0 4 7 i 5))
((1 0.0 i d 2) (0.0 i 1 d 2))
((0.0 i 2 7 6.0 1) (2 0.0 7 i 1 6.0))
((i 2 9.0 4 1 5 6.0 d) (4 5 d 2 6.0 9.0 1 i))
((9.0 0.0 4 5 d) (4 d 5 0.0 9.0))
((4 6.0 9.0 d 7) (6.0 4 7 9.0 d))
((4 7 9.0 0.0 d 2 5) (0.0 d 4 9.0 5 7 2))
((5 d 1 0.0 6.0 4 2 9.0) (d 6.0 0.0 1 5 9.0 2 4))
((d i 2 9.0 5 6.0 0.0) (i 2 5 d 9.0 0.0 6.0))
((7 d 1 2 5 9.0 6.0) (d 6.0 9.0 1 5 2 7))
((4 2 1 7 0.0 5) (7 1 0.0 4 5 2))
((2 5 7 0.0 6.0 d) (d 0.0 2 6.0 7 5))
((2 6.0 4 5 7 i) (7 4 5 6.0 i 2))
((5 1 9.0 7 6.0 4) (6.0 4 7 5 9.0 1))
((6.0 d 4 2 0.0 5) (6.0 5 0.0 4 2 d))
((d 5 1 7 6.0 0.0 2) (2 d 6.0 5 1 0.0 7))
((i d 9.0 0.0 2 5 7) (5 0.0 7 2 d i 9.0))
((5 4 1 i 2 9.0 0.0 7) (9.0 0.0 2 4 7 1 i 5))
((d 9.0 4 1 7 5 0.0) (0.0 1 4 d 7 5 9.0))
((7 2 5 i d 0.0) (7 i d 5 2 0.0))
((6.0 4 1 i 2 d 0.0 5) (1 4 0.0 d 5 i 6.0 2))
((6.0 5 4 1 i 0.0 d) (5 d 1 i 4 0.0 6.0))
((7 9.0 1 6.0 4 d) (d 9.0 4 7 6.0 1))
((1 4 9.0 6.0 i) (1 i 9.0 6.0 4))
((i 6.0 4 1 0.0 5) (4 5 0.0 1 i 6.0))
((5 9.0 4 i 1 0.0 d) (0.0 5 d i 1 9.0 4))
((i 4 2 0.0 6.0 9.0 1) (1 4 0.0 2 i 6.0 9.0))
((0.0 i 6.0 7 5 d 1 4) (7 i 4 1 5 d 0.0 6.0))
((4 1 2 i 7 d 9.0) (7 1 9.0 i 4 2 d))
((i 4 6.0 d 7 5) (4 5 6.0 i 7 d))
((4 d 1 0.0 i 5 2 7) (4 1 5 2 7 d i 0.0))
((0.0 6.0 d 9.0 i 4) (i 0.0 4 6.0 d 9.0))
((7 0.0 9.0 4 5 6.0) (0.0 5 4 9.0 6.0 7))
((5 d 4 0.0 1 7 i 6.0) (5 d 7 i 1 6.0 4 0.0))
((6.0 9.0 i 2 1 7 4) (6.0 4 9.0 1 i 7 2))
((i 1 6.0 0.0 9.0) (i 6.0 1 0.0 9.0))
((4 5 d 0.0 6.0 7 9.0 2) (6.0 9.0 2 5 4 d 7 0.0))
((i 9.0 0.0 d 6.0 4 2) (2 d 0.0 i 9.0 4 6.0))
((1 9.0 4 6.0 i d) (6.0 9.0 d i 4 1))
((6.0 i 2 5 0.0 9.0 4) (2 i 6.0 4 5 0.0 9.0))
((7 d 6.0 1 9.0 5 4 0.0) (5 9.0 7 0.0 4 6.0 1 d))
((0.0 7 5 2 9.0 d) (2 5 7 d 0.0 9.0))
((2 9.0 4 7 6.0 d 0.0 1) (1 7 4 9.0 2 0.0 d 6.0))
((6.0 2 1 5 0.0 9.0 i) (2 0.0 6.0 1 i 9.0 5))
((2 d 7 9.0 5 6.0) (6.0 2 d 5 7 9.0))
((4 i 7 d 6.0 9.0 0.0) (4 9.0 6.0 7 0.0 i d))
((7 i d 2 6.0 0.0 4) (d 2 6.0 4 i 0.0 7))
((i 6.0 5 4 2 9.0 0.0 d) (4 5 2 i 0.0 6.0 d 9.0))
((i 6.0 9.0 2 4 1) (6.0 i 9.0 4 2 1))
((5 4 2 7 9.0 i 0.0 6.0) (6.0 5 i 0.0 7 9.0 4 2))
((4 0.0 i 5 6.0 d 1 7) (5 4 0.0 6.0 7 i 1 d))
((9.0 d 2 0.0 4 1) (0.0 9.0 2 d 1 4))
((1 5 d 7) (d 1 7 5))
((d i 1 4 7 6.0 9.0) (9.0 1 d 6.0 7 4 i))
((9.0 5 d 7 2 4 1) (9.0 1 d 4 5 2 7))
((5 d 0.0 9.0 6.0 2) (d 2 9.0 5 0.0 6.0))
((9.0 6.0 2 0.0 7 1) (6.0 7 0.0 2 1 9.0))
((d 9.0 6.0 1 7 0.0) (d 1 9.0 6.0 7 0.0))
((7 1 0.0 i 6.0 5 2 d) (6.0 7 1 d 2 0.0 5 i))
((d 4 9.0 1 i 6.0 0.0) (0.0 9.0 i d 1 6.0 4))
((7 2 5 6.0 0.0 d i) (7 i 5 2 6.0 d 0.0))
((5 4 1 d 9.0 6.0 2) (2 1 6.0 9.0 d 4 5))
((0.0 d 1 5 4 2 6.0) (1 2 5 0.0 6.0 4 d))
((0.0 i 9.0 7 2 d 4) (i 9.0 4 d 7 0.0 2))
((9.0 0.0 5 2 1 i) (i 5 0.0 9.0 1 2))
((2 1 i 0.0 6.0 9.0 4 d) (6.0 1 0.0 2 4 d i 9.0))
((d 5 1 0.0 9.0 6.0) (0.0 1 9.0 6.0 5 d))
((2 d 5 6.0 7 4) (d 4 5 7 2 6.0))
((d 6.0 5 7 4) (6.0 4 7 d 5))
((6.0 d 1 0.0 7) (0.0 7 1 d 6.0))
((1 9.0 7 d 0.0 i 5) (5 0.0 7 i 1 d 9.0))
((i 0.0 6.0 1 9.0 d) (6.0 9.0 d i 0.0 1))
((6.0 d 4 2 9.0 0.0) (9.0 4 0.0 6.0 2 d))
((2 7 0.0 1 5 9.0 d) (2 7 5 9.0 1 d 0.0))
((7 1 4 i d 2) (1 2 d 7 i 4))
((i 9.0 5 0.0 7 1 2) (9.0 i 5 2 7 0.0 1))
((i d 0.0 2 1 9.0 6.0) (2 0.0 d 1 9.0 6.0 i))
((0.0 2 d 6.0 5 4) (6.0 2 d 5 0.0 4))
((0.0 7 i 2 9.0 4 6.0 d) (d 9.0 2 6.0 0.0 7 4 i))
((d i 1 5) (1 i 5 d))
((5 6.0 1 d 0.0 i) (i 5 0.0 d 1 6.0))
((4 i d 7 9.0 2) (2 4 i d 7 9.0))
((1 i 0.0 5 4) (1 0.0 i 4 5))
((2 7 4 5 1 9.0) (4 5 2 1 7 9.0))
((i 6.0 0.0 9.0 7 1 2 4) (1 9.0 7 6.0 4 0.0 i 2))
((d 0.0 4 7 6.0 5 9.0) (5 4 6.0 9.0 0.0 d 7))
((7 1 6.0 5 4 d) (d 4 1 6.0 7 5))
((d 6.0 2 7 4 i) (7 6.0 d i 2 4))
((2 d 1 7) (2 1 d 7))
((9.0 5 2 0.0 7 i 4) (9.0 0.0 2 7 4 i 5))
((2 1 6.0 0.0 5 4 d 9.0) (2 0.0 d 5 1 4 9.0 6.0))
((1 7 4 9.0 6.0 5 0.0 d) (5 6.0 0.0 9.0 4 1 7 d))
((2 4 d 0.0 6.0 1 i) (4 1 0.0 6.0 2 i d))
((2 4 0.0 5 6.0 d 7) (2 6.0 5 4 0.0 d 7))
((1 4 2 i 5 0.0 7) (1 4 i 5 0.0 7 2))
((7 1 4 5 6.0 d 0.0) (d 1 7 0.0 6.0 5 4))
((5 4 i 1 7 9.0 2) (9.0 5 7 i 1 4 2))
((6.0 1 5 i 9.0 4 d) (4 9.0 1 d 6.0 5 i))
((5 0.0 7 9.0 4 2 i) (7 0.0 2 4 9.0 5 i))
((0.0 4 d 9.0 1) (d 9.0 1 4 0.0))
((4 5 7 0.0 d 6.0) (6.0 d 4 7 0.0 5))
((0.0 i 9.0 6.0 7 d 1) (7 0.0 i 1 d 6.0 9.0))
((5 9.0 6.0 d 0.0 2 7) (6.0 0.0 2 d 5 7 9.0))
((5 0.0 2 1 i) (2 i 5 0.0 1))
((6.0 2 i 4 9.0 7 5 0.0) (5 0.0 9.0 7 4 i 2 6.0))
((4 2 6.0 7 d 5) (5 d 7 4 6.0 2))
((i d 0.0 6.0 1 2 5 9.0) (i 6.0 5 0.0 d 1 9.0 2))
((d 7 2 1 0.0 9.0 4) (9.0 d 2 7 0.0 4 1))
((2 6.0 i 4 5 7 9.0 1 d) (4 9.0 1 7 6.0 5 d 2 i))
((d 1 4 i 2 5 0.0) (2 0.0 4 1 5 d i))
((9.0 6.0 2 5 1) (1 6.0 9.0 5 2))
((9.0 i 2 6.0 0.0 1) (i 1 9.0 0.0 2 6.0))
((i d 1 6.0 2 7) (6.0 d 2 7 1 i))
((9.0 4 0.0 i 6.0) (9.0 0.0 4 6.0 i))
((1 d 4 2) (2 4 d 1))
((9.0 2 6.0 d 0.0 5 i 1) (1 0.0 9.0 d 5 6.0 2 i))
((1 6.0 d 5 4) (4 1 6.0 d 5))
((4 5 0.0 9.0 i 7 1) (9.0 7 1 0.0 5 4 i))
((2 i d 4 9.0 6.0 0.0 5) (d i 4 5 9.0 2 0.0 6.0))
((i 1 0.0 6.0 4) (1 6.0 0.0 i 4))
((d 6.0 4 1 9.0 5) (d 6.0 1 9.0 4 5))
((6.0 9.0 7 4 1 5 2) (6.0 7 9.0 1 2 4 5))
((1 9.0 d 4 i 0.0 5 7) (7 1 9.0 d 4 5 0.0 i))
((2 9.0 7 1 i) (9.0 2 1 7 i))
((1 5 i d 4 6.0 7) (i 6.0 4 1 5 7 d))
((d 2 7 5 i 1 0.0) (2 d 1 5 0.0 i 7))
((d 7 1 9.0 5 6.0 0.0 i) (7 0.0 i 5 1 6.0 9.0 d))
((9.0 5 0.0 2 7 d i) (5 0.0 i 2 7 9.0 d))
((0.0 4 6.0 1 2 7) (0.0 1 6.0 7 4 2))
((2 7 i 1 6.0 4 5) (4 2 i 1 5 6.0 7))
((5 2 0.0 7 6.0 9.0) (9.0 2 0.0 7 6.0 5))
((5 4 d i 1 6.0 7) (4 6.0 7 5 1 i d))
((d 7 2 0.0 9.0) (0.0 d 7 9.0 2))
((d 7 i 9.0 4 1) (7 9.0 i d 1 4))
((9.0 0.0 4 d 1 7 i 2) (i 0.0 2 7 d 1 4 9.0))
((4 9.0 1 2 7 i) (7 i 4 2 1 9.0))
((i d 4 5 6.0 1 2) (4 d 6.0 i 5 2 1))
((7 4 0.0 6.0 1 9.0) (9.0 4 6.0 7 1 0.0))
((4 d 7 0.0 6.0 9.0 i 5) (4 5 d 7 6.0 0.0 i 9.0))
((5 7 4 i 1 2 d) (i 1 4 5 7 2 d))
((5 6.0 1 9.0 d 0.0) (6.0 0.0 9.0 d 5 1))
((4 7 2 5 6.0 d 0.0) (7 6.0 0.0 4 5 2 d))
((i 7 1 0.0 d 4) (1 0.0 4 i 7 d))
((d 0.0 4 2 5 9.0 1 i 6.0) (1 i 4 0.0 2 5 d 9.0 6.0))
((5 6.0 d 9.0 2 4 7 0.0 1) (5 6.0 9.0 0.0 7 4 1 d 2))
((0.0 9.0 6.0 2 d i 7 4) (7 d i 6.0 4 2 0.0 9.0))
((6.0 9.0 2 5 0.0 i) (2 9.0 5 6.0 0.0 i))
((5 7 1 9.0 6.0 4 d 0.0) (6.0 d 4 1 7 9.0 5 0.0))
((7 d 2 i 9.0 0.0) (d 7 2 i 0.0 9.0))
((i 0.0 7 4 9.0 6.0 5) (5 9.0 4 7 6.0 0.0 i))
((9.0 6.0 2 4 5 0.0 i 7) (7 4 5 0.0 9.0 2 i 6.0))
((1 0.0 4 d 6.0 5) (5 d 6.0 4 1 0.0))
((6.0 d 1 7 i 5 2 9.0 4) (5 9.0 4 1 7 i 2 6.0 d))
((0.0 1 7 4 6.0 i d) (4 d 7 1 i 0.0 6.0))
((9.0 4 6.0 i 1 2 0.0) (2 4 9.0 6.0 1 i 0.0))
((i 5 4 1 9.0) (9.0 1 5 4 i))
((1 9.0 7 2 d 4) (d 9.0 1 2 4 7))
((d 5 7 4 2 0.0) (7 0.0 5 4 d 2))
((i 2 d 7 5 6.0 1) (5 d 7 6.0 1 i 2))
((2 i 1 0.0 6.0 5 d) (2 d 0.0 5 i 1 6.0))
((0.0 2 4 5 1 6.0 7 d 9.0) (2 d 6.0 1 5 4 7 9.0 0.0))
((5 6.0 0.0 7 1 d i 2) (2 5 7 d i 6.0 1 0.0))
((2 1 7 4 0.0) (7 2 4 1 0.0))
((i d 0.0 5 6.0 9.0) (i 9.0 0.0 6.0 d 5))
((0.0 5 1 9.0 i 2 7) (9.0 0.0 7 i 2 1 5))
((2 1 9.0 4 5 d 7 6.0) (9.0 5 7 4 6.0 d 1 2))
((5 i 1 9.0 6.0 4 2) (6.0 4 2 1 9.0 5 i))
((6.0 2 d 0.0 7 4 5 1 i) (i 2 d 0.0 6.0 4 5 7 1))
((4 i 6.0 0.0 7 d 9.0) (4 0.0 6.0 7 i d 9.0))
((9.0 7 0.0 i 1 2 d 6.0) (i 6.0 0.0 9.0 1 d 2 7))
((i 5 6.0 9.0 0.0 2 d) (6.0 i 5 d 9.0 0.0 2))
((9.0 5 0.0 4 7 i) (7 0.0 9.0 5 i 4))
((i 5 4 6.0 7 2) (7 6.0 2 5 4 i))
((9.0 6.0 d 1 0.0 i 4) (9.0 d 0.0 4 1 i 6.0))
((1 0.0 4 i 2 d 5) (4 2 5 d 0.0 i 1))
((7 0.0 d 6.0 i) (i 0.0 d 7 6.0))
((2 7 5 0.0 6.0 1) (5 1 0.0 2 6.0 7))
((5 4 0.0 6.0 2 i d 1) (4 6.0 d 0.0 5 i 1 2))
((9.0 7 6.0 i d 4) (7 9.0 d 4 6.0 i))
((9.0 7 4 2 0.0 1 6.0) (6.0 1 2 0.0 7 4 9.0))
((9.0 5 0.0 1 d 7) (1 d 5 7 0.0 9.0))
((7 1 6.0 5 d 9.0 2) (9.0 6.0 7 1 2 d 5))
((i 4 7 5 d 0.0) (d 5 7 0.0 i 4))
((i 4 7 2 1) (7 4 1 2 i))
((7 4 i d 5 6.0 2) (4 7 d 2 i 5 6.0))
((2 6.0 i 1 9.0) (1 9.0 i 2 6.0))
((0.0 1 i 6.0 4) (i 6.0 1 0.0 4))
((5 7 i d 9.0 0.0 4) (5 i 7 d 0.0 4 9.0))
((0.0 2 1 6.0 7 5 d) (1 2 0.0 d 5 6.0 7))
((4 2 i 0.0 6.0 d) (2 4 0.0 6.0 i d))
((5 9.0 2 6.0 4 7 d) (9.0 d 7 6.0 4 5 2))
((1 2 d 7 4 5) (7 4 d 2 1 5))
((5 2 7 0.0 9.0 4) (9.0 4 0.0 2 5 7))
((7 4 1 i 2 6.0 9.0 5) (9.0 7 1 4 6.0 i 5 2))
((4 0.0 1 i 9.0 6.0 d 7) (1 9.0 4 0.0 d 6.0 i 7))
((d 1 2 4 9.0 7 0.0) (4 d 1 7 9.0 0.0 2))
((2 6.0 i 0.0 d 4) (6.0 4 i d 2 0.0))
((i 7 5 0.0 4 9.0) (5 7 i 0.0 4 9.0))
((i 4 6.0 2 d) (4 i 2 d 6.0))
((0.0 2 7 6.0 5 i) (0.0 6.0 i 5 2 7))
((5 7 1 0.0 i 6.0 2) (1 i 6.0 0.0 2 7 5))
((7 d 0.0 4 5 i 6.0 2 9.0) (i 6.0 2 5 9.0 0.0 7 4 d))
((2 5 1 d 0.0 i 6.0) (5 6.0 2 1 0.0 i d))
((i 0.0 7 6.0 4 5 d) (7 4 i 6.0 d 0.0 5))
((0.0 7 d i 4 6.0 9.0) (9.0 4 7 d i 6.0 0.0))
((9.0 i 1 0.0 6.0 5 4 2) (4 6.0 i 0.0 5 2 9.0 1))
((0.0 d 4 7 i 9.0 5) (7 0.0 9.0 4 i 5 d))
((7 0.0 6.0 9.0 1 d 2 4) (1 0.0 9.0 7 4 d 2 6.0))
((9.0 4 d i 2 5 1 6.0) (4 2 5 1 9.0 d 6.0 i))
((7 2 d 6.0 0.0 i 9.0 5) (7 0.0 d 6.0 5 2 i 9.0))
((0.0 6.0 d 5 7 9.0 i) (i d 6.0 7 9.0 0.0 5))
((i 9.0 5 6.0 1 d 0.0) (5 d 0.0 i 9.0 6.0 1))
((1 9.0 6.0 0.0 7) (0.0 6.0 9.0 1 7))
((7 4 0.0 5 1 6.0) (5 4 7 1 6.0 0.0))
((4 6.0 7 i 5 9.0) (i 9.0 5 4 6.0 7))
((6.0 d 5 4 i 2) (5 6.0 4 2 i d))
((1 2 7 5 6.0) (6.0 1 7 2 5))
((1 d 6.0 2 4 0.0 5 7) (4 2 1 7 0.0 5 6.0 d))
((0.0 6.0 5 9.0 i d) (6.0 5 d i 9.0 0.0))
((i 7 2 0.0 6.0 1) (1 6.0 0.0 i 2 7))
((0.0 9.0 5 2 1 6.0) (6.0 5 0.0 1 2 9.0))
((9.0 0.0 2 1 7 4) (0.0 4 7 9.0 2 1))
((1 4 2 5 7) (4 7 5 2 1))
((4 i 6.0 9.0 0.0 5) (9.0 0.0 4 6.0 i 5))
((7 1 0.0 2 6.0 5 9.0 4) (6.0 2 0.0 1 4 5 7 9.0))
((6.0 1 i 5 2 9.0) (2 9.0 1 i 5 6.0))
((1 d 5 i 7 9.0) (d i 1 5 9.0 7))
((4 0.0 1 9.0 2 6.0 d i) (1 0.0 2 6.0 i d 4 9.0))
((d 0.0 9.0 5 1 4) (0.0 1 9.0 d 5 4))
((d 1 i 7 2 9.0 4) (2 1 9.0 i d 7 4))
((0.0 4 9.0 7 1 i 2) (7 2 0.0 9.0 1 4 i))
((1 i 5 d 0.0 6.0) (6.0 d 0.0 1 i 5))
((5 0.0 2 i 4 1 7) (1 4 5 7 i 2 0.0))
((7 6.0 0.0 5 9.0 d) (6.0 0.0 9.0 5 7 d))
((7 6.0 2 9.0 1 0.0 i) (6.0 7 1 2 9.0 i 0.0))
((6.0 0.0 7 4 i) (7 0.0 4 6.0 i))
((5 d 2 0.0 7 1) (0.0 1 d 2 5 7))
((7 9.0 i 2 6.0) (2 9.0 6.0 i 7))
((2 6.0 1 d 0.0 7) (7 0.0 2 d 6.0 1))
((6.0 i d 4 0.0 9.0) (9.0 d 4 i 0.0 6.0))
((6.0 0.0 9.0 1 4 7 i) (1 6.0 4 7 0.0 i 9.0))
((7 0.0 d 9.0 4 2) (0.0 d 9.0 2 7 4))
((5 4 6.0 d 7 9.0 1) (6.0 9.0 4 d 1 5 7))
((2 6.0 9.0 4 d 7) (2 6.0 7 9.0 d 4))
((1 7 4 0.0 9.0 d i) (0.0 i d 1 9.0 4 7))
((7 d 4 1 9.0 6.0) (d 1 7 6.0 9.0 4))
((6.0 5 7 d 2 0.0 1 4) (7 0.0 2 6.0 5 1 d 4))
((d i 2 9.0 1 7 0.0) (d 9.0 2 i 0.0 1 7))
((5 1 7 d 4 i) (5 d i 4 1 7))
((1 4 0.0 i d 2) (i 4 1 0.0 d 2))
((i d 0.0 5 9.0 7 4) (9.0 0.0 7 d 4 i 5))
((4 1 2 5 d) (1 d 4 5 2))
((2 9.0 7 1 0.0 d i) (i d 0.0 9.0 7 1 2))
((d 4 7 5 1 i 6.0) (6.0 i 1 5 4 7 d))
((5 7 4 6.0 i) (6.0 i 7 5 4))
((1 7 i 4 9.0 d 2) (2 d 1 9.0 i 4 7))
((5 7 2 d 0.0 1) (1 d 7 2 5 0.0))
((2 6.0 9.0 4 i 5 0.0) (9.0 2 0.0 6.0 4 5 i))
((d 5 2 9.0 6.0 4) (d 6.0 9.0 2 5 4))
((0.0 6.0 9.0 d 5 i) (0.0 6.0 9.0 d i 5))
((5 4 0.0 7 1 2 9.0) (1 0.0 2 7 9.0 4 5))
((1 i 0.0 4 5 9.0 2) (5 i 4 0.0 1 9.0 2))
((i 9.0 6.0 0.0 4) (9.0 6.0 0.0 4 i))
((0.0 7 9.0 6.0 i 1 5) (0.0 6.0 9.0 1 7 i 5))
((6.0 9.0 2 4 1 i 5) (1 4 9.0 6.0 5 2 i))
((i d 9.0 6.0 7 5 1) (7 6.0 1 i d 9.0 5))
((d 1 4 0.0 6.0 9.0 5 i) (9.0 4 6.0 5 d 1 i 0.0))
((9.0 2 0.0 i 1 5) (i 1 9.0 0.0 2 5))
((2 0.0 i 7 5) (2 0.0 i 7 5))
((d i 7 4 6.0 5) (d 6.0 i 7 4 5))
((d 0.0 6.0 9.0 i 5 1) (1 5 i 9.0 0.0 d 6.0))
((5 9.0 6.0 i 7 2 4) (2 5 i 6.0 7 4 9.0))
((9.0 2 6.0 5) (6.0 5 9.0 2))
((0.0 9.0 i d 4 5 7) (9.0 7 i 4 0.0 d 5))
((i 7 4 2 9.0 6.0 5) (5 2 6.0 4 9.0 7 i))
((0.0 2 1 4 d 9.0 7) (0.0 2 9.0 1 4 7 d))
((6.0 4 9.0 i 5 2 1 7 d) (2 6.0 4 1 7 9.0 5 i d))
((i 0.0 9.0 4 7 d 2) (0.0 4 9.0 d 2 7 i))
((2 5 4 i 1) (4 2 5 i 1))
((5 4 9.0 6.0 7 d i) (5 i 6.0 7 d 4 9.0))
((5 1 7 2 0.0 i) (7 5 1 0.0 2 i))
((0.0 7 1 d 9.0 4 i) (4 i d 1 9.0 7 0.0))
)
